491
10
61138851
61138052
0 1 1 24 38 8 (D 0,1,1) (S -1,1,2) (S -1,2,2) (S -1,12,13) (S -1,13,14) (S -1,14,18) (S -1,25,26) (D 0,1,1)
0 1 2 27 49 8 (D 0,1,1) (S 13,1,15) (S 32,13,15) (S 34,14,20) (S 37,15,20) (S 36,15,17) (S 21,1,24) (D 0,1,1)
0 1 3 27 40 6 (D 0,1,1) (S 14,1,17) (S 15,1,27) (S 44,24,27) (S 19,22,23) (D 0,1,1)
0 1 4 27 57 7 (D 0,1,1) (S 20,1,19) (S 42,23,24) (S 43,23,26) (S 11,26,26) (S 8,16,16) (D 0,1,1)
0 1 5 25 45 6 (D 0,1,1) (S -1,3,3) (S -1,3,4) (S -1,4,4) (S -1,4,10) (D 0,1,1)
0 1 6 22 46 7 (D 0,1,1) (S -1,3,6) (S -1,6,6) (S -1,4,6) (S -1,10,10) (S -1,6,7) (D 0,1,1)
0 1 7 25 50 6 (D 0,1,1) (S -1,3,8) (S -1,8,9) (S -1,6,9) (S -1,5,9) (D 0,1,1)
0 1 8 24 54 5 (D 0,1,1) (S 27,6,10) (S 4,5,5) (S 28,7,11) (D 0,1,1)
0 1 9 24 51 6 (D 0,1,1) (S 41,22,25) (S 38,18,25) (S 9,18,18) (S 40,21,25) (D 0,1,1)
0 1 10 24 61 6 (D 0,1,1) (S -1,21,21) (S -1,20,21) (S -1,14,21) (S -1,14,14) (D 0,1,1)
