558
7
16459079
16458316
0 1 1 20 36 4 (D 0,1,1) (S -1,1,3) (S -1,2,6) (D 0,1,1)
0 1 2 30 49 4 (D 0,1,1) (S -1,1,4) (S -1,4,5) (D 0,1,1)
0 1 3 31 91 5 (D 0,1,1) (S -1,2,2) (S -1,8,12) (S -1,3,6) (D 0,1,1)
0 1 4 34 88 6 (D 0,1,1) (S -1,4,10) (S -1,10,10) (S -1,5,10) (S -1,1,5) (D 0,1,1)
0 1 5 32 86 5 (D 0,1,1) (S -1,4,11) (S -1,11,11) (S -1,11,13) (D 0,1,1)
0 1 6 33 120 7 (D 0,1,1) (S -1,7,7) (S -1,9,9) (S -1,8,9) (S -1,2,8) (S -1,2,3) (D 0,1,1)
0 1 7 32 88 5 (D 0,1,1) (S -1,6,10) (S -1,6,12) (S -1,12,12) (D 0,1,1)
