459
10
37958631
37957244
0 1 1 26 35 8 (D 0,1,1) (S -1,1,17) (S -1,15,17) (S -1,15,15) (S -1,13,13) (S -1,12,12) (S -1,12,19) (D 0,1,1)
0 1 2 26 55 8 (D 0,1,1) (S 23,1,19) (S 24,2,1) (S 1,2,2) (S 25,3,4) (S 26,3,6) (S 40,25,26) (D 0,1,1)
0 1 3 25 37 5 (D 0,1,1) (S -1,4,4) (S -1,4,6) (S -1,6,8) (D 0,1,1)
0 1 4 25 40 6 (D 0,1,1) (S -1,4,10) (S -1,10,11) (S -1,7,11) (S -1,5,5) (D 0,1,1)
0 1 5 27 46 7 (D 0,1,1) (S 15,24,24) (S 31,8,24) (S 6,8,8) (S 16,27,27) (S 29,5,9) (D 0,1,1)
0 1 6 26 35 6 (D 0,1,1) (S 39,23,24) (S 22,22,23) (S 13,22,22) (S 38,18,25) (D 0,1,1)
0 1 7 24 48 4 (D 0,1,1) (S -1,3,3) (S -1,26,27) (D 0,1,1)
0 1 8 26 58 5 (D 0,1,1) (S -1,6,6) (S -1,13,15) (S -1,16,17) (D 0,1,1)
0 1 9 27 53 5 (D 0,1,1) (S 9,14,14) (S 19,14,21) (S 12,21,21) (D 0,1,1)
0 1 10 26 52 7 (D 0,1,1) (S -1,14,20) (S -1,20,20) (S -1,18,21) (S -1,21,22) (S -1,23,23) (D 0,1,1)
