221
8
31814778
31813645
0 1 1 23 25 10 (D 0,1,1) (S -1,1,7) (S -1,7,7) (S -1,3,7) (S -1,3,3) (S -1,1,4) (S -1,4,10) (S -1,6,10) (S -1,6,7) (D 0,1,1)
0 1 2 25 33 8 (D 0,1,1) (S -1,1,5) (S -1,5,5) (S -1,8,9) (S -1,9,9) (S -1,1,9) (S -1,6,9) (D 0,1,1)
0 1 3 27 29 7 (D 0,1,1) (S 19,1,8) (S 1,2,2) (S 22,2,3) (S 25,3,5) (S 14,7,10) (D 0,1,1)
0 1 4 26 27 6 (D 0,1,1) (S 21,1,11) (S 28,3,11) (S 26,3,9) (S 36,7,9) (D 0,1,1)
0 1 5 27 25 5 (D 0,1,1) (S 5,6,6) (S 29,4,6) (S 27,3,10) (D 0,1,1)
0 1 6 27 34 6 (D 0,1,1) (S -1,5,10) (S -1,10,10) (S -1,4,7) (S -1,1,3) (D 0,1,1)
0 1 7 24 15 5 (D 0,1,1) (S 24,2,5) (S 23,2,4) (S 32,4,11) (D 0,1,1)
0 1 8 26 33 5 (D 0,1,1) (S -1,5,11) (S -1,4,4) (S -1,5,8) (D 0,1,1)
