483
10
50172861
50172234
0 1 1 27 42 9 (D 0,1,1) (S 16,1,15) (S 35,13,15) (S 18,12,13) (S 9,12,12) (S 1,2,2) (S 26,2,1) (S 24,1,24) (D 0,1,1)
0 1 2 25 39 5 (D 0,1,1) (S -1,1,19) (S -1,4,4) (S -1,5,9) (D 0,1,1)
0 1 3 27 49 8 (D 0,1,1) (S 25,1,27) (S 44,24,27) (S 33,8,24) (S 7,8,8) (S 28,3,8) (S 34,13,14) (D 0,1,1)
0 1 4 27 41 7 (D 0,1,1) (S -1,4,5) (S -1,5,5) (S -1,3,6) (S -1,10,10) (S -1,4,19) (D 0,1,1)
0 1 5 27 53 7 (D 0,1,1) (S 11,17,17) (S 37,15,17) (S 38,15,20) (S 13,20,20) (S 40,21,22) (D 0,1,1)
0 1 6 26 50 7 (D 0,1,1) (S 42,23,24) (S 41,21,23) (S 14,21,21) (S 19,14,20) (S 43,23,26) (D 0,1,1)
0 1 7 25 43 4 (D 0,1,1) (S -1,3,3) (S -1,6,6) (D 0,1,1)
0 1 8 26 44 6 (D 0,1,1) (S 31,6,9) (S 32,8,9) (S 45,26,27) (S 21,22,25) (D 0,1,1)
0 1 9 25 66 6 (D 0,1,1) (S -1,7,7) (S -1,14,14) (S -1,14,18) (S -1,16,17) (D 0,1,1)
0 1 10 23 56 6 (D 0,1,1) (S -1,22,22) (S -1,18,18) (S -1,18,21) (S -1,25,26) (D 0,1,1)
