237
8
17584208
17583610
0 1 1 27 30 8 (D 0,1,1) (S 16,1,3) (S 2,3,3) (S 19,2,3) (S 11,2,11) (S 18,1,11) (S 5,6,6) (D 0,1,1)
0 1 2 23 29 7 (D 0,1,1) (S -1,1,6) (S -1,6,7) (S -1,7,7) (S -1,3,4) (S -1,6,10) (D 0,1,1)
0 1 3 23 26 6 (D 0,1,1) (S -1,5,5) (S -1,4,5) (S -1,4,8) (S -1,5,8) (D 0,1,1)
0 1 4 27 34 6 (D 0,1,1) (S 7,8,8) (S 29,6,8) (S 14,5,11) (S 24,4,9) (D 0,1,1)
0 1 5 27 29 6 (D 0,1,1) (S -1,3,9) (S -1,9,10) (S -1,10,10) (S -1,7,10) (D 0,1,1)
0 1 6 24 22 5 (D 0,1,1) (S 23,3,11) (S 10,11,11) (S 20,2,4) (D 0,1,1)
0 1 7 27 33 4 (D 0,1,1) (S 27,5,10) (S 3,4,4) (D 0,1,1)
0 1 8 27 34 5 (D 0,1,1) (S -1,2,2) (S -1,9,9) (S -1,4,10) (D 0,1,1)
