49908
78
168035608487
168035607305
0 1 1 82 128 6 (D 0,1,1) (S -1,1,116) (S -1,114,115) (S -1,115,116) (S -1,116,1) (D 0,1,1)
0 1 2 120 270 11 (D 0,1,1) (S -1,116,115) (S -1,115,114) (S -1,114,113) (S -1,113,112) (S -1,110,112) (S -1,110,107) (S -1,112,107) (S -1,107,110) (S -1,112,112) (D 0,1,1)
0 1 3 110 218 8 (D 0,1,1) (S -1,116,117) (S -1,2,117) (S -1,117,2) (S -1,115,117) (S -1,117,115) (S -1,117,116) (D 0,1,1)
0 1 4 120 278 7 (D 0,1,1) (S 345,117,118) (S 274,91,118) (S 270,90,91) (S 22,90,90) (S 272,91,90) (D 0,1,1)
0 1 5 118 296 7 (D 0,1,1) (S 346,117,119) (S 351,119,117) (S 349,118,117) (S 350,118,121) (S 259,86,87) (D 0,1,1)
0 1 6 119 258 7 (D 0,1,1) (S 352,119,120) (S 353,120,119) (S 354,120,121) (S 356,121,118) (S 335,114,118) (D 0,1,1)
0 1 7 120 306 5 (D 0,1,1) (S 348,118,114) (S 347,118,91) (S 273,91,103) (D 0,1,1)
0 1 8 118 303 9 (D 0,1,1) (S 355,120,123) (S 361,122,123) (S 27,122,122) (S 262,87,122) (S 21,87,87) (S 261,87,86) (S 360,122,121) (D 0,1,1)
0 1 9 118 353 8 (D 0,1,1) (S 357,121,120) (S 359,122,87) (S 20,86,86) (S 257,85,86) (S 19,85,85) (S 254,84,85) (D 0,1,1)
0 1 10 112 416 7 (D 0,1,1) (S -1,123,120) (S -1,123,124) (S -1,124,123) (S -1,124,126) (S -1,126,124) (D 0,1,1)
0 1 11 119 369 8 (D 0,1,1) (S 307,103,113) (S 303,102,103) (S 301,101,102) (S 284,94,101) (S 300,101,94) (S 310,105,104) (D 0,1,1)
0 1 12 118 319 6 (D 0,1,1) (S 330,113,103) (S 305,103,91) (S 265,88,90) (S 260,86,88) (D 0,1,1)
0 1 13 119 424 11 (D 0,1,1) (S -1,112,110) (S -1,110,111) (S -1,111,110) (S -1,106,107) (S -1,105,105) (S -1,106,105) (S -1,104,104) (S -1,107,112) (S -1,112,113) (D 0,1,1)
0 1 14 116 327 6 (D 0,1,1) (S -1,107,106) (S -1,106,108) (S -1,107,108) (S -1,108,107) (D 0,1,1)
0 1 15 116 440 8 (D 0,1,1) (S -1,123,125) (S -1,125,123) (S -1,126,127) (S -1,127,126) (S -1,127,129) (S -1,129,127) (D 0,1,1)
0 1 16 119 474 11 (D 0,1,1) (S 258,86,85) (S 256,85,84) (S 247,82,84) (S 241,80,82) (S 237,79,80) (S 235,78,79) (S 233,77,78) (S 146,46,77) (S 137,43,46) (D 0,1,1)
0 1 17 119 429 9 (D 0,1,1) (S 263,88,86) (S 264,88,89) (S 266,89,88) (S 269,90,88) (S 267,89,92) (S 248,82,92) (S 246,82,83) (D 0,1,1)
0 1 18 117 506 8 (D 0,1,1) (S 319,108,106) (S 304,102,104) (S 302,102,101) (S 201,66,101) (S 203,67,68) (S 207,69,67) (D 0,1,1)
0 1 19 119 458 4 (D 0,1,1) (S 321,108,109) (S 25,109,109) (D 0,1,1)
0 1 20 115 442 4 (D 0,1,1) (S -1,109,108) (S -1,113,114) (D 0,1,1)
0 1 21 120 482 5 (D 0,1,1) (S 200,66,91) (S 189,62,66) (S 174,57,62) (D 0,1,1)
0 1 22 120 482 5 (D 0,1,1) (S 271,91,66) (S 198,66,62) (S 187,62,57) (D 0,1,1)
0 1 23 120 563 7 (D 0,1,1) (S 306,103,102) (S 308,104,102) (S 299,101,66) (S 281,94,93) (S 16,63,63) (D 0,1,1)
0 1 24 119 492 6 (D 0,1,1) (S 206,68,90) (S 205,68,67) (S 199,66,67) (S 17,69,69) (D 0,1,1)
0 1 25 117 487 5 (D 0,1,1) (S -1,90,68) (S -1,67,66) (S -1,94,100) (D 0,1,1)
0 1 26 107 560 5 (D 0,1,1) (S -1,4,124) (S -1,126,130) (S -1,131,132) (D 0,1,1)
0 1 27 119 480 5 (D 0,1,1) (S 366,124,4) (S 374,126,131) (S 384,131,126) (D 0,1,1)
0 1 28 119 460 9 (D 0,1,1) (S 370,125,138) (S 386,131,138) (S 387,132,131) (S 388,132,133) (S 28,133,133) (S 389,133,132) (S 390,133,134) (D 0,1,1)
0 1 29 117 460 9 (D 0,1,1) (S 401,138,125) (S 399,136,138) (S 30,136,136) (S 394,134,136) (S 392,134,133) (S 391,133,135) (S 29,135,135) (D 0,1,1)
0 1 30 120 520 6 (D 0,1,1) (S 383,130,126) (S 376,127,128) (S 33,3,128) (S 379,128,127) (D 0,1,1)
0 1 31 118 504 11 (D 0,1,1) (S 251,83,84) (S 244,81,83) (S 238,79,81) (S 236,79,78) (S 234,78,77) (S 230,76,77) (S 225,74,76) (S 222,73,74) (S 224,74,73) (D 0,1,1)
0 1 32 115 506 11 (D 0,1,1) (S -1,84,82) (S -1,82,80) (S -1,80,79) (S -1,81,79) (S -1,80,81) (S -1,81,80) (S -1,83,81) (S -1,83,82) (S -1,84,83) (D 0,1,1)
0 1 33 117 608 8 (D 0,1,1) (S 255,84,92) (S 275,92,82) (S 276,92,84) (S 277,92,89) (S 231,77,46) (S 145,46,47) (D 0,1,1)
0 1 34 114 506 8 (D 0,1,1) (S -1,138,131) (S -1,135,133) (S -1,134,135) (S -1,135,134) (S -1,138,136) (S -1,123,122) (D 0,1,1)
0 1 35 112 595 6 (D 0,1,1) (S -1,136,134) (S -1,136,137) (S -1,137,136) (S -1,128,129) (D 0,1,1)
0 1 36 117 794 6 (D 0,1,1) (S 382,129,128) (S 378,128,3) (S 227,75,76) (S 209,69,71) (D 0,1,1)
0 1 37 120 587 4 (D 0,1,1) (S 18,81,81) (S 228,76,74) (D 0,1,1)
0 1 38 115 500 5 (D 0,1,1) (S -1,94,95) (S -1,95,94) (S -1,100,94) (D 0,1,1)
0 1 39 120 672 11 (D 0,1,1) (S 192,63,93) (S 188,62,63) (S 190,63,62) (S 191,63,64) (S 193,64,63) (S 278,93,63) (S 195,64,93) (S 169,56,55) (S 213,71,69) (D 0,1,1)
0 1 40 118 548 7 (D 0,1,1) (S 279,93,64) (S 194,64,65) (S 171,56,65) (S 196,65,56) (S 197,65,64) (D 0,1,1)
0 1 41 119 647 11 (D 0,1,1) (S 296,99,100) (S 289,96,99) (S 286,95,96) (S 287,96,95) (S 288,96,97) (S 290,97,96) (S 294,99,96) (S 208,69,70) (S 211,70,69) (D 0,1,1)
0 1 42 119 605 8 (D 0,1,1) (S -1,100,99) (S -1,97,99) (S -1,99,97) (S -1,98,97) (S -1,97,98) (S -1,104,105) (D 0,1,1)
0 1 43 117 627 8 (D 0,1,1) (S 214,71,70) (S 177,58,70) (S 173,57,58) (S 170,56,57) (S 164,54,55) (S 165,54,140) (D 0,1,1)
0 1 44 112 580 8 (D 0,1,1) (S -1,71,72) (S -1,72,71) (S -1,71,75) (S -1,75,71) (S -1,72,73) (S -1,67,69) (D 0,1,1)
0 1 45 120 585 8 (D 0,1,1) (S 219,72,74) (S 223,74,72) (S 221,73,72) (S 140,44,73) (S 136,43,44) (S 135,43,42) (D 0,1,1)
0 1 46 116 672 5 (D 0,1,1) (S -1,76,75) (S -1,58,57) (S -1,57,56) (D 0,1,1)
0 1 47 119 747 10 (D 0,1,1) (S -1,58,59) (S -1,59,59) (S -1,59,60) (S -1,42,47) (S -1,47,42) (S -1,47,46) (S -1,93,94) (S -1,105,106) (D 0,1,1)
0 1 48 116 626 7 (D 0,1,1) (S 14,46,46) (S 120,37,43) (S 113,35,37) (S 12,35,35) (S 114,36,35) (D 0,1,1)
0 1 49 119 679 9 (D 0,1,1) (S 134,43,37) (S 115,36,37) (S 13,36,36) (S 116,36,38) (S 121,38,36) (S 122,38,39) (S 124,39,38) (D 0,1,1)
0 1 50 118 780 7 (D 0,1,1) (S -1,44,45) (S -1,45,44) (S -1,73,44) (S -1,139,34) (S -1,46,43) (D 0,1,1)
0 1 51 119 666 5 (D 0,1,1) (S 130,41,47) (S 123,38,41) (S 128,41,38) (D 0,1,1)
0 1 52 120 684 6 (D 0,1,1) (S -1,47,41) (S -1,40,41) (S -1,35,36) (S -1,42,43) (D 0,1,1)
0 1 53 118 733 7 (D 0,1,1) (S 119,37,42) (S 117,37,35) (S 108,34,35) (S 181,60,45) (S 153,49,48) (D 0,1,1)
0 1 54 114 646 6 (D 0,1,1) (S -1,42,37) (S -1,37,36) (S -1,35,34) (S -1,60,59) (D 0,1,1)
0 1 55 116 723 8 (D 0,1,1) (S 180,59,61) (S 154,49,61) (S 155,49,140) (S 163,53,140) (S 161,52,53) (S 159,51,52) (D 0,1,1)
0 1 56 116 682 6 (D 0,1,1) (S -1,60,61) (S -1,61,60) (S -1,45,60) (S -1,44,43) (D 0,1,1)
0 1 57 120 824 10 (D 0,1,1) (S -1,55,54) (S -1,140,54) (S -1,55,140) (S -1,140,49) (S -1,50,51) (S -1,52,51) (S -1,48,50) (S -1,55,56) (D 0,1,1)
0 1 58 116 854 7 (D 0,1,1) (S 110,34,139) (S 107,33,139) (S 51,11,33) (S 3,11,11) (S 58,13,17) (D 0,1,1)
0 1 59 118 796 8 (D 0,1,1) (S -1,48,139) (S -1,50,48) (S -1,48,49) (S -1,61,59) (S -1,70,71) (S -1,70,58) (D 0,1,1)
0 1 60 115 797 6 (D 0,1,1) (S -1,140,53) (S -1,53,52) (S -1,51,50) (S -1,139,48) (D 0,1,1)
0 1 61 113 992 7 (D 0,1,1) (S -1,39,40) (S -1,40,39) (S -1,41,40) (S -1,139,33) (S -1,29,33) (D 0,1,1)
0 1 62 119 923 7 (D 0,1,1) (S 105,33,11) (S 42,8,11) (S 38,6,8) (S 1,6,6) (S 35,5,6) (D 0,1,1)
0 1 63 120 920 7 (D 0,1,1) (S -1,33,29) (S -1,28,28) (S -1,30,30) (S -1,30,32) (S -1,45,34) (D 0,1,1)
0 1 64 117 1024 7 (D 0,1,1) (S 48,11,8) (S 40,8,6) (S 36,6,5) (S 37,6,7) (S 44,9,10) (D 0,1,1)
0 1 65 120 903 6 (D 0,1,1) (S 49,11,12) (S 52,12,11) (S 50,11,27) (S 9,27,27) (D 0,1,1)
0 1 66 118 951 7 (D 0,1,1) (S 91,27,11) (S 87,25,27) (S 84,24,25) (S 75,20,24) (S 65,17,13) (D 0,1,1)
0 1 67 118 974 8 (D 0,1,1) (S 53,12,13) (S 55,13,12) (S 54,12,20) (S 72,20,12) (S 56,13,14) (S 67,17,18) (D 0,1,1)
0 1 68 118 968 9 (D 0,1,1) (S 57,13,16) (S 5,16,16) (S 61,15,16) (S 46,10,15) (S 2,10,10) (S 45,10,9) (S 47,10,19) (D 0,1,1)
0 1 69 119 975 10 (D 0,1,1) (S 59,14,13) (S 4,14,14) (S 63,16,13) (S 64,16,15) (S 60,15,10) (S 70,19,10) (S 69,18,19) (S 71,19,18) (D 0,1,1)
0 1 70 119 1089 9 (D 0,1,1) (S -1,30,31) (S -1,26,31) (S -1,23,26) (S -1,26,23) (S -1,31,26) (S -1,25,24) (S -1,34,45) (D 0,1,1)
0 1 71 118 1043 6 (D 0,1,1) (S 103,31,30) (S 86,25,26) (S 92,27,25) (S 74,20,22) (D 0,1,1)
0 1 72 120 1026 11 (D 0,1,1) (S -1,32,30) (S -1,25,25) (S -1,28,27) (S -1,27,28) (S -1,28,29) (S -1,29,28) (S -1,28,30) (S -1,30,28) (S -1,121,122) (D 0,1,1)
0 1 73 118 1072 8 (D 0,1,1) (S -1,15,17) (S -1,17,15) (S -1,18,17) (S -1,8,9) (S -1,9,8) (S -1,77,76) (D 0,1,1)
0 1 74 118 1214 7 (D 0,1,1) (S -1,7,6) (S -1,20,21) (S -1,21,21) (S -1,61,49) (S -1,140,55) (D 0,1,1)
0 1 75 103 1042 4 (D 0,1,1) (S 89,26,25) (S 77,21,23) (D 0,1,1)
0 1 76 113 1027 4 (D 0,1,1) (S 76,21,20) (S 79,23,21) (D 0,1,1)
0 1 77 112 992 4 (D 0,1,1) (S 80,23,24) (S 83,24,23) (D 0,1,1)
0 1 78 117 1000 6 (D 0,1,1) (S -1,22,22) (S -1,22,20) (S -1,24,20) (S -1,59,58) (D 0,1,1)
