471
10
40220449
40219800
0 1 1 27 22 8 (D 0,1,1) (S 10,1,15) (S 6,15,15) (S 25,13,15) (S 14,12,13) (S 20,2,12) (S 19,2,1) (D 0,1,1)
0 1 2 27 28 7 (D 0,1,1) (S 17,1,19) (S 18,1,27) (S 38,26,27) (S 36,23,26) (S 33,22,23) (D 0,1,1)
0 1 3 26 54 7 (D 0,1,1) (S -1,17,17) (S -1,15,17) (S -1,13,14) (S -1,14,18) (S -1,25,26) (D 0,1,1)
0 1 4 27 52 6 (D 0,1,1) (S 9,24,24) (S 35,23,24) (S 16,21,22) (S 8,21,21) (D 0,1,1)
0 1 5 27 45 5 (D 0,1,1) (S 1,3,3) (S 11,3,8) (S 22,6,8) (D 0,1,1)
0 1 6 27 44 4 (D 0,1,1) (S 4,6,6) (S 21,5,6) (D 0,1,1)
0 1 7 27 60 6 (D 0,1,1) (S -1,14,14) (S -1,18,21) (S -1,21,25) (S -1,16,17) (D 0,1,1)
0 1 8 26 69 7 (D 0,1,1) (S 34,22,25) (S 30,18,25) (S 31,20,21) (S 3,5,5) (S 12,4,10) (D 0,1,1)
0 1 9 17 51 5 (D 0,1,1) (S 13,10,11) (S 23,7,11) (S 24,8,9) (D 0,1,1)
0 1 10 18 46 3 (D 0,1,1) (S 2,4,4) (D 0,1,1)
