686
8
45134507
45133333
0 1 1 35 49 7 (D 0,1,1) (S -1,3,1) (S -1,3,3) (S -1,3,4) (S -1,4,4) (S -1,2,4) (D 0,1,1)
0 1 2 40 75 8 (D 0,1,1) (S 1,2,2) (S 26,9,3) (S 6,9,9) (S 19,9,10) (S 7,10,10) (S 32,15,21) (D 0,1,1)
0 1 3 40 72 8 (D 0,1,1) (S 36,19,9) (S 23,19,22) (S 42,22,23) (S 13,23,23) (S 39,20,23) (S 12,20,20) (D 0,1,1)
0 1 4 40 82 7 (D 0,1,1) (S 4,5,5) (S 8,11,11) (S 20,11,15) (S 31,15,16) (S 34,16,15) (D 0,1,1)
0 1 5 40 102 9 (D 0,1,1) (S 27,10,11) (S 30,12,11) (S 21,12,13) (S 9,13,13) (S 11,17,17) (S 35,18,14) (S 25,7,8) (D 0,1,1)
0 1 6 40 89 7 (D 0,1,1) (S 38,20,10) (S 37,19,20) (S 43,23,22) (S 44,23,24) (S 41,21,24) (D 0,1,1)
0 1 7 38 113 8 (D 0,1,1) (S -1,21,15) (S -1,24,24) (S -1,24,23) (S -1,16,17) (S -1,16,12) (S -1,11,5) (D 0,1,1)
0 1 8 37 104 7 (D 0,1,1) (S -1,12,6) (S -1,6,7) (S -1,8,8) (S -1,8,14) (S -1,14,14) (D 0,1,1)
