555
7
13207418
13206484
0 1 1 35 31 6 (D 0,1,1) (S 7,1,3) (S 2,3,3) (S 12,2,3) (S 10,1,2) (D 0,1,1)
0 1 2 30 40 4 (D 0,1,1) (S -1,1,4) (S -1,4,4) (D 0,1,1)
0 1 3 35 105 6 (D 0,1,1) (S 1,2,2) (S 13,2,8) (S 18,8,9) (S 17,7,9) (D 0,1,1)
0 1 4 35 121 6 (D 0,1,1) (S -1,4,11) (S -1,10,11) (S -1,11,13) (S -1,6,12) (D 0,1,1)
0 1 5 34 79 5 (D 0,1,1) (S -1,4,10) (S -1,6,10) (S -1,5,5) (D 0,1,1)
0 1 6 19 68 4 (D 0,1,1) (S -1,12,12) (S -1,8,12) (D 0,1,1)
0 1 7 24 111 4 (D 0,1,1) (S -1,9,9) (S -1,11,12) (D 0,1,1)
