229
9
36161602
36160906
0 1 1 27 24 9 (D 0,1,1) (S 10,1,7) (S 6,7,7) (S 13,3,7) (S 2,3,3) (S 12,3,5) (S 4,5,5) (S 23,4,5) (D 0,1,1)
0 1 2 27 26 7 (D 0,1,1) (S 11,1,11) (S 14,4,11) (S 16,1,4) (S 5,6,6) (S 15,6,10) (D 0,1,1)
0 1 3 22 29 6 (D 0,1,1) (S -1,8,8) (S -1,5,8) (S -1,5,7) (S -1,6,9) (D 0,1,1)
0 1 4 22 29 7 (D 0,1,1) (S -1,3,9) (S -1,9,9) (S -1,7,10) (S -1,3,4) (S -1,2,3) (D 0,1,1)
0 1 5 22 18 5 (D 0,1,1) (S 21,3,10) (S 9,10,10) (S 26,5,10) (D 0,1,1)
0 1 6 25 31 6 (D 0,1,1) (S -1,5,11) (S -1,6,8) (S -1,8,9) (S -1,9,10) (D 0,1,1)
0 1 7 25 30 4 (D 0,1,1) (S -1,2,2) (S -1,7,9) (D 0,1,1)
0 1 8 26 30 4 (D 0,1,1) (S -1,4,4) (S -1,2,7) (D 0,1,1)
0 1 9 9 12 3 (D 0,1,1) (S -1,3,11) (D 0,1,1)
