466
10
61980235
61979293
0 1 1 27 32 6 (D 0,1,1) (S 14,1,19) (S 20,1,3) (S 15,3,8) (S 29,6,8) (D 0,1,1)
0 1 2 27 32 5 (D 0,1,1) (S 21,1,17) (S 7,15,15) (S 33,13,15) (D 0,1,1)
0 1 3 27 52 9 (D 0,1,1) (S 22,1,27) (S 40,26,27) (S 11,23,23) (S 36,21,23) (S 10,21,21) (S 35,21,22) (S 13,25,25) (D 0,1,1)
0 1 4 20 60 8 (D 0,1,1) (S -1,2,2) (S -1,12,12) (S -1,13,13) (S -1,14,16) (S -1,16,16) (S -1,15,20) (D 0,1,1)
0 1 5 19 36 4 (D 0,1,1) (S -1,24,24) (S -1,23,24) (D 0,1,1)
0 1 6 26 33 6 (D 0,1,1) (S 23,3,4) (S 2,4,4) (S 25,4,5) (S 27,5,6) (D 0,1,1)
0 1 7 27 63 8 (D 0,1,1) (S -1,6,10) (S -1,10,11) (S -1,7,11) (S -1,5,9) (S -1,3,6) (S -1,6,6) (D 0,1,1)
0 1 8 23 46 5 (D 0,1,1) (S 26,4,6) (S 30,6,9) (S 31,8,9) (D 0,1,1)
0 1 9 27 52 4 (D 0,1,1) (S 6,14,14) (S 19,20,21) (D 0,1,1)
0 1 10 26 60 5 (D 0,1,1) (S -1,18,18) (S -1,22,25) (S -1,22,23) (D 0,1,1)
