30331
45
13681076365
13681075435
0 1 1 110 278 7 (D 0,1,1) (S -1,1,116) (S -1,115,116) (S -1,115,115) (S -1,114,115) (S -1,113,114) (D 0,1,1)
0 1 2 120 266 7 (D 0,1,1) (S 213,116,117) (S 52,2,117) (S 212,115,117) (S 214,117,118) (S 218,120,121) (D 0,1,1)
0 1 3 114 258 7 (D 0,1,1) (S -1,117,119) (S -1,119,119) (S -1,119,120) (S -1,120,123) (S -1,123,123) (D 0,1,1)
0 1 4 116 301 5 (D 0,1,1) (S -1,114,118) (S -1,118,118) (S -1,91,118) (D 0,1,1)
0 1 5 117 493 7 (D 0,1,1) (S -1,103,113) (S -1,91,103) (S -1,90,91) (S -1,90,90) (S -1,88,90) (D 0,1,1)
0 1 6 118 490 9 (D 0,1,1) (S 203,107,112) (S 199,106,107) (S 37,106,106) (S 198,105,106) (S 195,102,104) (S 186,94,101) (S 137,62,63) (D 0,1,1)
0 1 7 120 526 9 (D 0,1,1) (S 206,110,112) (S 202,107,110) (S 201,107,108) (S 38,108,108) (S 200,106,108) (S 205,110,111) (S 35,94,94) (D 0,1,1)
0 1 8 120 409 11 (D 0,1,1) (S 216,118,121) (S 220,121,122) (S 176,87,122) (S 173,85,86) (S 171,84,85) (S 33,84,84) (S 168,82,84) (S 165,80,82) (S 163,79,81) (D 0,1,1)
0 1 9 119 437 9 (D 0,1,1) (S 221,122,123) (S 222,123,124) (S 44,124,124) (S 224,124,126) (S 45,126,126) (S 226,126,127) (S 232,131,132) (D 0,1,1)
0 1 10 120 400 6 (D 0,1,1) (S 223,123,125) (S 225,125,138) (S 233,131,138) (S 46,131,131) (D 0,1,1)
0 1 11 120 415 9 (D 0,1,1) (S 175,86,88) (S 177,88,89) (S 179,89,92) (S 169,82,92) (S 167,82,83) (S 166,81,83) (S 164,80,81) (D 0,1,1)
0 1 12 119 458 4 (D 0,1,1) (S 204,108,109) (S 39,109,109) (D 0,1,1)
0 1 13 120 566 6 (D 0,1,1) (S -1,66,91) (S -1,66,66) (S -1,101,102) (S -1,112,113) (D 0,1,1)
0 1 14 120 569 7 (D 0,1,1) (S -1,102,103) (S -1,101,101) (S -1,66,101) (S -1,93,94) (S -1,104,105) (D 0,1,1)
0 1 15 117 476 7 (D 0,1,1) (S 148,68,90) (S 146,67,68) (S 26,67,67) (S 149,69,70) (S 133,58,70) (D 0,1,1)
0 1 16 120 626 6 (D 0,1,1) (S 54,4,124) (S 227,126,130) (S 230,127,129) (S 234,132,133) (D 0,1,1)
0 1 17 117 445 9 (D 0,1,1) (S 228,126,131) (S 235,133,134) (S 237,134,135) (S 47,135,135) (S 236,133,135) (S 238,134,136) (S 240,136,138) (D 0,1,1)
0 1 18 118 481 8 (D 0,1,1) (S 170,83,84) (S 32,83,83) (S 31,81,81) (S 30,79,79) (S 161,78,79) (S 162,79,80) (D 0,1,1)
0 1 19 119 595 10 (D 0,1,1) (S 172,84,92) (S 160,77,78) (S 114,46,77) (S 109,43,46) (S 100,37,43) (S 96,35,37) (S 95,35,36) (S 99,37,42) (D 0,1,1)
0 1 20 113 584 6 (D 0,1,1) (S -1,127,128) (S -1,3,128) (S -1,128,129) (S -1,136,136) (D 0,1,1)
0 1 21 116 910 9 (D 0,1,1) (S -1,136,137) (S -1,76,77) (S -1,76,76) (S -1,74,76) (S -1,72,74) (S -1,71,72) (S -1,63,64) (D 0,1,1)
0 1 22 114 586 7 (D 0,1,1) (S -1,94,95) (S -1,95,96) (S -1,96,97) (S -1,97,99) (S -1,97,98) (D 0,1,1)
0 1 23 117 623 8 (D 0,1,1) (S 185,94,100) (S 192,99,100) (S 189,96,99) (S 140,63,93) (S 24,63,63) (S 131,57,62) (D 0,1,1)
0 1 24 120 735 6 (D 0,1,1) (S 138,62,66) (S 128,56,57) (S 129,56,65) (S 107,42,47) (D 0,1,1)
0 1 25 119 602 7 (D 0,1,1) (S 143,66,67) (S 27,69,69) (S 153,71,75) (S 154,72,73) (S 156,73,74) (D 0,1,1)
0 1 26 119 699 9 (D 0,1,1) (S 142,64,93) (S 141,64,65) (S 124,54,55) (S 21,54,54) (S 125,54,140) (S 50,140,140) (S 115,48,49) (D 0,1,1)
0 1 27 120 648 8 (D 0,1,1) (S 28,72,72) (S 111,44,73) (S 16,44,44) (S 110,44,45) (S 17,45,45) (S 106,42,43) (D 0,1,1)
0 1 28 120 730 7 (D 0,1,1) (S -1,75,76) (S -1,57,58) (S -1,58,59) (S -1,70,71) (S -1,67,69) (D 0,1,1)
0 1 29 119 706 8 (D 0,1,1) (S 108,43,44) (S 112,45,60) (S 23,60,60) (S 134,59,60) (S 22,59,59) (S 119,49,140) (D 0,1,1)
0 1 30 117 664 4 (D 0,1,1) (S 105,41,47) (S 15,41,41) (D 0,1,1)
0 1 31 120 683 9 (D 0,1,1) (S 97,36,37) (S 98,36,38) (S 13,38,38) (S 101,38,39) (S 14,39,39) (S 103,39,40) (S 102,38,41) (D 0,1,1)
0 1 32 119 806 6 (D 0,1,1) (S -1,59,61) (S -1,60,61) (S -1,34,139) (S -1,34,45) (D 0,1,1)
0 1 33 119 816 6 (D 0,1,1) (S 12,35,35) (S 92,34,35) (S 49,139,139) (S 116,48,50) (D 0,1,1)
0 1 34 117 827 9 (D 0,1,1) (S -1,55,140) (S -1,53,140) (S -1,53,53) (S -1,52,53) (S -1,51,52) (S -1,51,51) (S -1,55,56) (D 0,1,1)
0 1 35 120 1007 7 (D 0,1,1) (S 104,40,41) (S 91,33,139) (S 65,11,33) (S 4,11,11) (S 59,8,11) (D 0,1,1)
0 1 36 116 925 6 (D 0,1,1) (S 117,48,139) (S 88,29,33) (S 87,28,30) (S 81,24,25) (D 0,1,1)
0 1 37 119 977 8 (D 0,1,1) (S -1,50,50) (S -1,50,51) (S -1,11,12) (S -1,12,12) (S -1,12,13) (S -1,86,87) (D 0,1,1)
0 1 38 117 952 5 (D 0,1,1) (S 64,11,27) (S 83,25,27) (S 82,25,26) (D 0,1,1)
0 1 39 118 1039 6 (D 0,1,1) (S -1,12,20) (S -1,20,21) (S -1,23,26) (S -1,27,28) (D 0,1,1)
0 1 40 119 1013 10 (D 0,1,1) (S 6,13,13) (S 68,13,14) (S 7,14,14) (S 69,13,16) (S 71,15,16) (S 61,10,15) (S 60,9,10) (S 57,6,8) (D 0,1,1)
0 1 41 118 1010 8 (D 0,1,1) (S -1,30,30) (S -1,30,31) (S -1,31,31) (S -1,26,31) (S -1,26,26) (S -1,28,29) (D 0,1,1)
0 1 42 120 1168 9 (D 0,1,1) (S -1,30,32) (S -1,20,24) (S -1,20,22) (S -1,22,22) (S -1,15,17) (S -1,17,18) (S -1,13,17) (D 0,1,1)
0 1 43 112 986 7 (D 0,1,1) (S -1,8,9) (S -1,9,9) (S -1,10,19) (S -1,18,19) (S -1,46,47) (D 0,1,1)
0 1 44 119 1106 8 (D 0,1,1) (S -1,5,6) (S -1,5,5) (S -1,6,7) (S -1,6,6) (S -1,49,61) (S -1,69,71) (D 0,1,1)
0 1 45 111 1040 4 (D 0,1,1) (S 79,23,24) (S 78,21,23) (D 0,1,1)
