97326
42
249336940276
249336938421
0 1 1 2000 522 11 (D 0,1,1) (S 1,1,1) (S 476,351,352) (S 477,352,353) (S 470,353,346) (S 469,346,347) (S 35,35,35) (S 268,268,268) (S 81,81,81) (S 82,82,82) (D 0,1,1)
0 1 2 2000 815 26 (D 0,1,1) (S 478,352,354) (S 513,410,447) (S 481,410,358) (S 439,358,281) (S 281,281,281) (S 440,281,442) (S 524,442,454) (S 531,454,455) (S 532,454,461) (S 525,442,460) (S 480,358,359) (S 533,456,457) (S 47,47,47) (S 371,435,48) (S 48,48,48) (S 276,276,276) (S 11,11,11) (S 56,56,56) (S 473,348,382) (S 370,45,348) (S 45,45,45) (S 472,348,349) (S 351,285,27) (S 352,27,383) (D 0,1,1)
0 1 3 2000 1984 27 (D 0,1,1) (S 471,346,411) (S 39,39,39) (S 362,39,412) (S 365,412,40) (S 40,40,40) (S 364,40,402) (S 358,35,402) (S 357,401,35) (S 507,401,409) (S 273,273,273) (S 435,273,396) (S 518,428,429) (S 291,291,291) (S 515,425,426) (S 38,38,38) (S 262,262,262) (S 140,140,140) (S 457,336,337) (S 117,117,117) (S 94,94,94) (S 624,573,606) (S 85,85,85) (S 125,125,125) (S 126,126,126) (S 118,118,118) (D 0,1,1)
0 1 4 2000 1578 21 (D 0,1,1) (S 363,39,416) (S 42,42,42) (S 366,41,415) (S 41,41,41) (S 367,417,41) (S 353,27,417) (S 27,27,27) (S 285,285,285) (S 474,349,350) (S 475,349,419) (S 433,264,389) (S 264,264,264) (S 434,432,264) (S 527,445,446) (S 514,417,448) (S 24,24,24) (S 80,80,80) (S 62,62,62) (S 64,64,64) (D 0,1,1)
0 1 5 2000 6082 46 (D 0,1,1) (S 60,60,60) (S 61,61,61) (S 16,16,16) (S 346,16,437) (S 493,375,376) (S 496,415,376) (S 52,52,52) (S 494,413,375) (S 495,375,414) (S 43,43,43) (S 484,360,422) (S 68,68,68) (S 57,57,57) (S 58,58,58) (S 593,526,527) (S 134,134,134) (S 14,14,14) (S 19,19,19) (S 20,20,20) (S 31,31,31) (S 15,15,15) (S 23,23,23) (S 102,102,102) (S 103,103,103) (S 143,143,143) (S 123,123,123) (S 122,122,122) (S 147,147,147) (S 25,25,25) (S 215,215,215) (S 222,222,222) (S 230,230,230) (S 224,224,224) (S 206,206,206) (S 211,211,211) (S 650,645,646) (S 200,200,200) (S 191,191,191) (S 171,171,171) (S 248,248,248) (S 259,259,259) (S 245,245,245) (S 255,255,255) (S 254,254,254) (D 0,1,1)
0 1 6 1985 5595 25 (D 0,1,1) (S -1,284,284) (S -1,458,459) (S -1,288,288) (S -1,49,49) (S -1,278,278) (S -1,22,22) (S -1,67,67) (S -1,67,267) (S -1,267,267) (S -1,266,266) (S -1,70,70) (S -1,279,279) (S -1,279,390) (S -1,7,7) (S -1,174,174) (S -1,177,177) (S -1,157,157) (S -1,158,158) (S -1,234,234) (S -1,170,170) (S -1,238,238) (S -1,241,241) (S -1,78,78) (D 0,1,1)
0 1 7 1988 2777 25 (D 0,1,1) (S 368,420,43) (S 373,64,420) (S 63,63,63) (S 631,595,596) (S 594,596,526) (S 50,50,50) (S 65,65,65) (S 99,99,99) (S 133,133,133) (S 630,590,591) (S 294,294,294) (S 151,151,151) (S 152,152,152) (S 380,91,152) (S 91,91,91) (S 132,132,132) (S 131,131,131) (S 228,228,228) (S 139,139,139) (S 636,610,611) (S 173,173,173) (S 242,242,242) (S 229,229,229) (D 0,1,1)
0 1 8 1985 1133 16 (D 0,1,1) (S 508,433,402) (S 522,433,434) (S 263,263,263) (S 483,421,360) (S 482,360,361) (S 535,462,463) (S 69,69,69) (S 272,272,272) (S 372,272,51) (S 51,51,51) (S 523,439,440) (S 502,386,387) (S 442,418,287) (S 509,403,404) (D 0,1,1)
0 1 9 1989 1535 16 (D 0,1,1) (S 437,389,279) (S 486,390,364) (S 485,364,365) (S 339,356,7) (S 479,356,357) (S 59,59,59) (S 12,12,12) (S 66,66,66) (S 286,286,286) (S 530,452,453) (S 275,275,275) (S 436,275,287) (S 287,287,287) (S 37,37,37) (D 0,1,1)
0 1 10 1980 2637 19 (D 0,1,1) (S -1,443,444) (S -1,466,467) (S -1,287,386) (S -1,404,418) (S -1,2,2) (S -1,36,36) (S -1,38,423) (S -1,38,355) (S -1,339,355) (S -1,4,339) (S -1,4,4) (S -1,4,451) (S -1,3,3) (S -1,338,339) (S -1,277,277) (S -1,274,274) (S -1,477,478) (D 0,1,1)
0 1 11 1988 1016 15 (D 0,1,1) (S 505,429,396) (S 520,431,429) (S 521,508,431) (S 575,508,509) (S 647,637,638) (S 646,634,635) (S 308,308,308) (S 538,468,469) (S 71,71,71) (S 72,72,72) (S 73,73,73) (S 74,74,74) (S 55,55,55) (D 0,1,1)
0 1 12 1977 2609 22 (D 0,1,1) (S -1,44,44) (S -1,44,423) (S -1,38,441) (S -1,262,397) (S -1,271,271) (S -1,5,5) (S -1,5,400) (S -1,397,398) (S -1,76,76) (S -1,93,493) (S -1,93,93) (S -1,93,575) (S -1,87,483) (S -1,87,87) (S -1,88,88) (S -1,482,483) (S -1,613,614) (S -1,86,553) (S -1,86,86) (S -1,86,548) (D 0,1,1)
0 1 13 2000 1244 15 (D 0,1,1) (S 517,427,428) (S 516,473,425) (S 519,428,430) (S 539,468,470) (S 540,470,639) (S 541,471,472) (S 124,124,124) (S 557,494,495) (S 558,494,517) (S 297,297,297) (S 120,120,120) (S 601,539,581) (S 75,75,75) (D 0,1,1)
0 1 14 2000 1400 12 (D 0,1,1) (S 21,21,21) (S 349,21,424) (S 375,80,631) (S 584,517,544) (S 585,518,519) (S 586,519,520) (S 587,519,539) (S 54,54,54) (S 395,109,477) (S 549,484,485) (D 0,1,1)
0 1 15 1978 1610 16 (D 0,1,1) (S 265,265,265) (S 316,316,316) (S 145,145,145) (S 301,301,301) (S 449,605,301) (S 609,554,555) (S 610,640,555) (S 452,556,304) (S 304,304,304) (S 141,141,141) (S 638,616,617) (S 383,94,496) (S 559,496,497) (S 561,501,497) (D 0,1,1)
0 1 16 1977 2725 12 (D 0,1,1) (S 282,282,282) (S 600,539,540) (S 109,109,109) (S 312,312,312) (S 89,89,89) (S 379,89,615) (S 550,484,543) (S 107,107,107) (S 108,108,108) (S 536,464,465) (D 0,1,1)
0 1 17 1991 1620 19 (D 0,1,1) (S 604,546,547) (S 111,111,111) (S 113,113,113) (S 397,113,612) (S 114,114,114) (S 398,114,305) (S 305,305,305) (S 453,486,305) (S 551,486,593) (S 552,487,488) (S 553,489,490) (S 302,302,302) (S 450,545,302) (S 394,108,545) (S 511,405,406) (S 77,77,77) (S 116,116,116) (D 0,1,1)
0 1 18 1997 1236 19 (D 0,1,1) (S 444,293,479) (S 293,293,293) (S 605,548,549) (S 396,550,112) (S 112,112,112) (S 384,94,592) (S 591,524,525) (S 592,524,551) (S 582,551,515) (S 581,515,516) (S 390,516,104) (S 104,104,104) (S 391,532,104) (S 392,104,533) (S 572,534,506) (S 393,106,506) (S 127,127,127) (D 0,1,1)
0 1 19 1984 1477 11 (D 0,1,1) (S 603,571,541) (S 555,541,492) (S 554,491,492) (S 556,492,572) (S 622,572,585) (S 602,541,542) (S 627,586,587) (S 628,586,588) (S 92,92,92) (D 0,1,1)
0 1 20 2000 1206 12 (D 0,1,1) (S 621,571,597) (S 632,597,598) (S 612,598,557) (S 611,557,558) (S 596,599,529) (S 576,529,511) (S 389,102,511) (S 129,129,129) (S 595,529,530) (S 597,530,531) (D 0,1,1)
0 1 21 2000 1356 16 (D 0,1,1) (S 608,606,551) (S 607,551,552) (S 583,552,516) (S 96,96,96) (S 385,96,97) (S 97,97,97) (S 568,503,504) (S 569,504,505) (S 454,505,307) (S 307,307,307) (S 560,505,496) (S 563,499,500) (S 562,498,499) (S 629,589,607) (D 0,1,1)
0 1 22 1994 1496 21 (D 0,1,1) (S 17,17,17) (S 18,18,18) (S 347,19,20) (S 348,20,393) (S 500,393,385) (S 355,29,385) (S 29,29,29) (S 354,29,384) (S 28,28,28) (S 501,385,395) (S 296,296,296) (S 446,368,296) (S 350,23,368) (S 295,295,295) (S 341,295,9) (S 9,9,9) (S 342,9,369) (S 290,290,290) (S 79,79,79) (D 0,1,1)
0 1 23 1978 2192 24 (D 0,1,1) (S 84,84,84) (S 623,573,574) (S 648,641,642) (S 313,313,313) (S 606,550,583) (S 451,302,582) (S 110,110,110) (S 303,303,303) (S 386,96,106) (S 106,106,106) (S 571,506,507) (S 387,507,98) (S 98,98,98) (S 402,127,126) (S 574,507,622) (S 573,506,538) (S 455,579,318) (S 318,318,318) (S 626,579,580) (S 309,309,309) (S 121,121,121) (S 543,475,476) (D 0,1,1)
0 1 24 1989 1599 21 (D 0,1,1) (S 30,30,30) (S 356,392,32) (S 32,32,32) (S 33,33,33) (S 503,392,438) (S 512,407,408) (S 13,13,13) (S 467,344,370) (S 465,344,345) (S 468,345,362) (S 10,10,10) (S 343,367,10) (S 461,340,367) (S 460,340,341) (S 462,341,342) (S 345,10,381) (S 6,6,6) (S 283,283,283) (S 8,8,8) (D 0,1,1)
0 1 25 1979 1238 10 (D 0,1,1) (S 504,393,394) (S 487,367,368) (S 445,295,363) (S 344,369,10) (S 340,366,8) (S 497,377,378) (S 498,379,380) (S 499,381,388) (D 0,1,1)
0 1 26 1988 2565 18 (D 0,1,1) (S 280,280,280) (S 269,269,269) (S 34,34,34) (S 270,270,270) (S 289,289,289) (S 488,370,371) (S 489,372,373) (S 491,373,374) (S 492,373,391) (S 490,372,436) (S 46,46,46) (S 464,342,343) (S 137,137,137) (S 577,512,513) (S 579,513,514) (S 319,319,319) (D 0,1,1)
0 1 27 1973 1614 10 (D 0,1,1) (S 463,341,399) (S 578,512,569) (S 580,569,513) (S 620,569,570) (S 135,135,135) (S 447,521,298) (S 298,298,298) (S 588,521,528) (D 0,1,1)
0 1 28 1994 1375 6 (D 0,1,1) (S 466,344,366) (S 314,314,314) (S 448,298,523) (S 105,105,105) (D 0,1,1)
0 1 29 1986 1874 16 (D 0,1,1) (S 401,476,125) (S 544,476,589) (S 95,95,95) (S 570,504,576) (S 306,306,306) (S 400,306,119) (S 119,119,119) (S 564,501,502) (S 566,562,502) (S 616,562,584) (S 115,115,115) (S 399,561,115) (S 614,560,561) (S 128,128,128) (D 0,1,1)
0 1 30 1994 2284 14 (D 0,1,1) (S 311,311,311) (S 589,522,523) (S 590,522,594) (S 315,315,315) (S 138,138,138) (S 148,148,148) (S 635,608,609) (S 643,623,624) (S 639,618,619) (S 640,619,625) (S 641,620,621) (S 642,620,626) (D 0,1,1)
0 1 31 1971 1800 13 (D 0,1,1) (S 565,501,535) (S 598,535,536) (S 599,535,537) (S 567,502,563) (S 617,563,564) (S 619,567,568) (S 615,560,566) (S 83,83,83) (S 634,603,604) (S 130,130,130) (S 292,292,292) (D 0,1,1)
0 1 32 1986 1795 8 (D 0,1,1) (S 645,629,630) (S 618,564,565) (S 613,559,560) (S 633,601,602) (S 542,474,601) (S 546,480,481) (D 0,1,1)
0 1 33 1969 2832 21 (D 0,1,1) (S 529,600,449) (S 528,449,450) (S 136,136,136) (S 299,299,299) (S 320,320,320) (S 153,153,153) (S 625,577,578) (S 388,510,100) (S 100,100,100) (S 101,101,101) (S 142,142,142) (S 149,149,149) (S 150,150,150) (S 405,150,633) (S 144,144,144) (S 300,300,300) (S 310,310,310) (S 146,146,146) (S 403,146,632) (D 0,1,1)
0 1 34 1983 3199 21 (D 0,1,1) (S 90,90,90) (S 213,213,213) (S 221,221,221) (S 329,329,329) (S 204,204,204) (S 424,712,202) (S 202,202,202) (S 425,202,713) (S 217,217,217) (S 651,646,647) (S 165,165,165) (S 695,719,720) (S 691,698,699) (S 189,189,189) (S 417,189,700) (S 418,700,190) (S 190,190,190) (S 419,191,701) (S 192,192,192) (D 0,1,1)
0 1 35 2000 1771 13 (D 0,1,1) (S 443,292,474) (S 547,480,648) (S 652,648,652) (S 657,652,653) (S 658,652,654) (S 659,655,656) (S 656,656,650) (S 653,649,650) (S 654,649,717) (S 655,650,651) (S 161,161,161) (D 0,1,1)
0 1 36 1983 4488 26 (D 0,1,1) (S 644,627,628) (S 404,147,636) (S 53,53,53) (S 26,26,26) (S 223,223,223) (S 175,175,175) (S 176,176,176) (S 414,177,178) (S 178,178,178) (S 686,689,690) (S 179,179,179) (S 332,332,332) (S 236,236,236) (S 207,207,207) (S 208,208,208) (S 209,209,209) (S 226,226,226) (S 218,218,218) (S 203,203,203) (S 219,219,219) (S 687,691,692) (S 649,643,644) (S 411,644,166) (S 167,167,167) (D 0,1,1)
0 1 37 1965 2388 27 (D 0,1,1) (S 163,163,163) (S 409,163,711) (S 164,164,164) (S 410,164,665) (S 201,201,201) (S 423,201,723) (S 240,240,240) (S 321,321,321) (S 456,722,321) (S 233,233,233) (S 427,724,235) (S 235,235,235) (S 326,326,326) (S 412,326,170) (S 413,170,728) (S 680,683,680) (S 679,680,681) (S 682,681,682) (S 681,680,716) (S 683,683,684) (S 239,239,239) (S 232,232,232) (S 231,231,231) (S 162,162,162) (S 408,162,664) (D 0,1,1)
0 1 38 1998 2374 16 (D 0,1,1) (S 317,317,317) (S 168,168,168) (S 675,677,678) (S 676,678,679) (S 677,679,714) (S 678,679,715) (S 426,234,666) (S 214,214,214) (S 660,657,658) (S 661,658,659) (S 663,659,660) (S 664,660,661) (S 666,667,662) (S 662,658,672) (D 0,1,1)
0 1 39 1972 3066 20 (D 0,1,1) (S 205,205,205) (S 220,220,220) (S 696,726,727) (S 156,156,156) (S 693,707,708) (S 406,157,676) (S 668,676,668) (S 667,668,669) (S 324,324,324) (S 166,166,166) (S 669,670,671) (S 212,212,212) (S 674,676,718) (S 407,158,159) (S 159,159,159) (S 670,672,721) (S 429,241,725) (S 237,237,237) (D 0,1,1)
0 1 40 1976 3132 12 (D 0,1,1) (S 428,238,663) (S 665,661,662) (S 325,325,325) (S 673,725,673) (S 671,673,674) (S 672,673,675) (S 333,333,333) (S 692,702,703) (S 422,200,706) (S 195,195,195) (D 0,1,1)
0 1 41 1988 4653 34 (D 0,1,1) (S 420,704,195) (S 196,196,196) (S 197,197,197) (S 198,198,198) (S 330,330,330) (S 199,199,199) (S 421,199,705) (S 331,331,331) (S 227,227,227) (S 689,694,695) (S 688,693,694) (S 415,180,693) (S 180,180,180) (S 323,323,323) (S 244,244,244) (S 430,335,244) (S 335,335,335) (S 249,249,249) (S 247,247,247) (S 246,246,246) (S 243,243,243) (S 154,154,154) (S 684,685,686) (S 172,172,172) (S 260,260,260) (S 250,250,250) (S 251,251,251) (S 252,252,252) (S 431,254,729) (S 697,730,731) (S 699,731,733) (S 155,155,155) (D 0,1,1)
0 1 42 1789 7434 31 (D 0,1,1) (S -1,160,160) (S -1,709,710) (S -1,322,322) (S -1,210,210) (S -1,193,193) (S -1,687,688) (S -1,225,225) (S -1,169,169) (S -1,216,216) (S -1,182,182) (S -1,183,183) (S -1,327,327) (S -1,184,184) (S -1,185,185) (S -1,185,194) (S -1,194,194) (S -1,186,186) (S -1,187,187) (S -1,188,188) (S -1,328,328) (S -1,696,697) (S -1,181,181) (S -1,257,257) (S -1,258,258) (S -1,261,261) (S -1,256,256) (S -1,253,253) (S -1,731,732) (S -1,334,334) (D 0,1,1)
