19755
26
6778311857
6778310954
0 1 1 182 246 10 (D 0,1,1) (S -1,1,2) (S -1,2,2) (S -1,2,1) (S -1,2,3) (S -1,3,3) (S -1,3,2) (S -1,2,4) (S -1,4,2) (D 0,1,1)
0 1 2 187 360 5 (D 0,1,1) (S -1,4,5) (S -1,5,4) (S -1,4,69) (D 0,1,1)
0 1 3 190 562 9 (D 0,1,1) (S 173,69,4) (S 19,69,69) (S 153,58,69) (S 15,58,58) (S 151,58,59) (S 139,52,50) (S 140,52,53) (D 0,1,1)
0 1 4 190 727 13 (D 0,1,1) (S 31,5,7) (S 33,7,5) (S 32,6,5) (S 34,7,8) (S 35,8,7) (S 36,8,9) (S 37,9,8) (S 38,9,10) (S 3,10,10) (S 39,10,9) (S 44,13,14) (D 0,1,1)
0 1 5 189 626 8 (D 0,1,1) (S 157,59,69) (S 41,11,59) (S 40,11,12) (S 42,12,11) (S 43,12,16) (S 47,14,13) (D 0,1,1)
0 1 6 190 594 9 (D 0,1,1) (S 174,69,58) (S 149,57,58) (S 14,57,57) (S 115,42,57) (S 11,42,42) (S 146,55,56) (S 147,56,55) (D 0,1,1)
0 1 7 190 653 11 (D 0,1,1) (S 175,69,59) (S 120,44,59) (S 116,43,44) (S 148,57,42) (S 104,35,41) (S 103,35,39) (S 108,37,39) (S 9,37,37) (S 112,39,40) (D 0,1,1)
0 1 8 190 732 11 (D 0,1,1) (S 154,59,11) (S 51,16,12) (S 45,13,16) (S 46,13,77) (S 50,15,77) (S 48,15,17) (S 193,77,15) (S 141,52,54) (S 67,21,51) (D 0,1,1)
0 1 9 190 702 7 (D 0,1,1) (S 155,59,44) (S 117,44,43) (S 150,58,57) (S 136,51,21) (S 138,51,53) (D 0,1,1)
0 1 10 185 604 8 (D 0,1,1) (S -1,59,58) (S -1,58,60) (S -1,60,58) (S -1,60,61) (S -1,61,60) (S -1,62,66) (D 0,1,1)
0 1 11 187 629 13 (D 0,1,1) (S -1,44,45) (S -1,45,45) (S -1,45,44) (S -1,44,46) (S -1,45,46) (S -1,46,45) (S -1,46,44) (S -1,46,47) (S -1,47,46) (S -1,47,48) (S -1,48,47) (D 0,1,1)
0 1 12 189 719 9 (D 0,1,1) (S 160,60,62) (S 162,62,60) (S 163,62,63) (S 16,63,63) (S 165,63,62) (S 170,66,62) (S 18,68,68) (D 0,1,1)
0 1 13 187 705 11 (D 0,1,1) (S 128,47,49) (S 130,49,47) (S 131,49,50) (S 61,19,50) (S 55,18,19) (S 5,18,18) (S 49,15,18) (S 53,17,15) (S 192,77,13) (D 0,1,1)
0 1 14 188 645 11 (D 0,1,1) (S 132,49,51) (S 137,51,49) (S 134,50,49) (S 133,50,19) (S 58,19,18) (S 54,18,15) (S 191,76,77) (S 64,20,76) (S 190,76,20) (D 0,1,1)
0 1 15 188 822 11 (D 0,1,1) (S 194,77,76) (S 52,16,13) (S 56,18,20) (S 57,18,72) (S 178,71,72) (S 179,71,73) (S 182,72,73) (S 181,72,71) (S 183,73,71) (D 0,1,1)
0 1 16 189 1049 14 (D 0,1,1) (S 143,53,51) (S 76,24,53) (S 69,22,24) (S 66,21,22) (S 60,19,21) (S 59,19,20) (S 62,20,18) (S 63,20,19) (S 144,53,52) (S 145,54,52) (S 74,24,22) (S 184,73,72) (D 0,1,1)
0 1 17 185 821 10 (D 0,1,1) (S -1,66,68) (S -1,68,66) (S -1,63,64) (S -1,64,64) (S -1,64,63) (S -1,63,65) (S -1,65,63) (S -1,5,6) (D 0,1,1)
0 1 18 187 755 10 (D 0,1,1) (S -1,21,19) (S -1,53,24) (S -1,24,25) (S -1,25,25) (S -1,25,24) (S -1,22,21) (S -1,22,75) (S -1,50,52) (D 0,1,1)
0 1 19 188 723 12 (D 0,1,1) (S 187,75,22) (S 20,75,75) (S 73,23,75) (S 6,23,23) (S 71,23,26) (S 78,25,26) (S 79,25,29) (S 87,28,29) (S 84,26,28) (S 81,26,23) (D 0,1,1)
0 1 20 187 1333 8 (D 0,1,1) (S 180,72,18) (S 185,73,74) (S 186,74,73) (S 4,17,17) (S 80,25,75) (S 107,37,38) (D 0,1,1)
0 1 21 187 935 8 (D 0,1,1) (S 13,55,55) (S 114,41,35) (S 97,32,35) (S 95,32,33) (S 8,36,36) (S 109,38,37) (D 0,1,1)
0 1 22 185 781 10 (D 0,1,1) (S 188,75,23) (S 72,23,31) (S 90,30,31) (S 92,31,30) (S 91,31,23) (S 82,26,25) (S 88,29,25) (S 89,29,28) (D 0,1,1)
0 1 23 185 979 9 (D 0,1,1) (S -1,75,25) (S -1,26,27) (S -1,27,26) (S -1,28,26) (S -1,31,32) (S -1,32,31) (S -1,40,39) (D 0,1,1)
0 1 24 183 928 7 (D 0,1,1) (S 111,39,37) (S 100,33,37) (S 98,33,32) (S 96,32,34) (S 10,38,38) (D 0,1,1)
0 1 25 190 921 7 (D 0,1,1) (S -1,35,32) (S -1,34,32) (S -1,33,36) (S -1,36,33) (S -1,39,35) (D 0,1,1)
0 1 26 187 1204 5 (D 0,1,1) (S 106,37,33) (S 176,70,71) (S 177,71,70) (D 0,1,1)
