11831
15
1737579972
1737578575
0 1 1 190 608 13 (D 0,1,1) (S 21,1,2) (S 1,2,2) (S 22,2,3) (S 23,2,4) (S 24,4,5) (S 2,5,5) (S 26,5,6) (S 27,5,7) (S 28,7,8) (S 85,50,52) (S 87,52,53) (D 0,1,1)
0 1 2 75 248 3 (D 0,1,1) (S -1,4,69) (D 0,1,1)
0 1 3 189 653 8 (D 0,1,1) (S 94,59,69) (S 32,11,59) (S 31,11,12) (S 33,12,16) (S 5,16,16) (S 88,52,54) (D 0,1,1)
0 1 4 190 734 12 (D 0,1,1) (S 29,8,9) (S 30,9,10) (S 20,76,76) (S 46,20,76) (S 41,18,20) (S 38,15,18) (S 4,15,15) (S 39,15,77) (S 34,13,14) (S 48,21,51) (D 0,1,1)
0 1 5 189 735 8 (D 0,1,1) (S 78,44,59) (S 75,43,44) (S 14,43,43) (S 13,42,42) (S 74,42,57) (S 86,51,53) (D 0,1,1)
0 1 6 183 650 9 (D 0,1,1) (S -1,58,60) (S -1,60,61) (S -1,60,62) (S -1,62,63) (S -1,63,64) (S -1,63,65) (S -1,65,65) (D 0,1,1)
0 1 7 187 664 13 (D 0,1,1) (S -1,44,45) (S -1,45,46) (S -1,44,46) (S -1,46,47) (S -1,47,48) (S -1,47,49) (S -1,49,50) (S -1,50,50) (S -1,19,50) (S -1,22,24) (S -1,24,53) (D 0,1,1)
0 1 8 189 920 11 (D 0,1,1) (S -1,62,66) (S -1,66,68) (S -1,41,41) (S -1,35,41) (S -1,35,39) (S -1,37,39) (S -1,37,37) (S -1,39,40) (S -1,58,59) (D 0,1,1)
0 1 9 187 1137 10 (D 0,1,1) (S -1,49,51) (S -1,51,51) (S -1,18,19) (S -1,19,20) (S -1,21,22) (S -1,22,75) (S -1,71,72) (S -1,19,21) (D 0,1,1)
0 1 10 187 1049 11 (D 0,1,1) (S -1,76,77) (S -1,13,77) (S -1,13,13) (S -1,13,16) (S -1,15,17) (S -1,73,73) (S -1,71,73) (S -1,70,71) (S -1,72,73) (D 0,1,1)
0 1 11 178 778 11 (D 0,1,1) (S -1,24,24) (S -1,24,25) (S -1,25,26) (S -1,23,26) (S -1,23,31) (S -1,31,31) (S -1,30,31) (S -1,23,75) (S -1,75,75) (D 0,1,1)
0 1 12 183 990 7 (D 0,1,1) (S 42,18,72) (S 106,73,74) (S 58,25,75) (S 57,25,29) (S 8,29,29) (D 0,1,1)
0 1 13 179 822 6 (D 0,1,1) (S 66,32,35) (S 63,31,32) (S 59,26,27) (S 7,27,27) (D 0,1,1)
0 1 14 180 993 9 (D 0,1,1) (S -1,26,28) (S -1,28,29) (S -1,32,33) (S -1,33,36) (S -1,33,37) (S -1,37,38) (S -1,55,56) (D 0,1,1)
0 1 15 183 850 6 (D 0,1,1) (S -1,32,34) (S -1,34,34) (S -1,57,58) (S -1,58,69) (D 0,1,1)
