274
6
32907157
32742619
0 1 1 5 58 7 (D 0,1,1) (S -1,2,2) (S -1,2,3) (S -1,3,3) (S -1,3,4) (S -1,9,11) (D 0,1,1)
0 1 2 5 44 7 (D 0,1,1) (S -1,4,4) (S -1,2,4) (S -1,2,9) (S -1,9,10) (S -1,8,10) (D 0,1,1)
0 1 3 5 38 7 (D 0,1,1) (S -1,7,7) (S -1,7,8) (S -1,8,11) (S -1,11,11) (S -1,7,12) (D 0,1,1)
0 1 4 5 48 7 (D 0,1,1) (S -1,10,10) (S -1,10,11) (S -1,5,11) (S -1,5,6) (S -1,1,4) (D 0,1,1)
0 1 5 5 35 7 (D 0,1,1) (S -1,12,12) (S -1,5,12) (S -1,5,3) (S -1,7,6) (S -1,12,6) (D 0,1,1)
0 1 6 4 51 6 (D 0,1,1) (S -1,1,2) (S -1,1,7) (S -1,1,10) (S -1,1,12) (D 0,1,1)
