18195
24
6402460784
6402459708
0 1 1 148 246 10 (D 0,1,1) (S 26,1,116) (S 19,116,116) (S 161,116,1) (S 162,116,117) (S 27,2,117) (S 163,117,2) (S 164,117,116) (S 165,117,119) (D 0,1,1)
0 1 2 148 395 11 (D 0,1,1) (S 167,119,117) (S 20,119,119) (S 21,122,122) (S 128,86,87) (S 15,86,86) (S 126,85,86) (S 124,84,85) (S 122,82,84) (S 129,87,86) (D 0,1,1)
0 1 3 149 334 13 (D 0,1,1) (S 158,113,114) (S 156,112,113) (S 146,107,112) (S 142,106,107) (S 140,105,106) (S 138,104,105) (S 136,102,104) (S 137,104,102) (S 139,105,104) (S 141,106,105) (S 145,107,110) (D 0,1,1)
0 1 4 146 339 10 (D 0,1,1) (S -1,114,113) (S -1,113,112) (S -1,110,110) (S -1,110,107) (S -1,107,106) (S -1,107,108) (S -1,108,107) (S -1,110,112) (D 0,1,1)
0 1 5 143 324 7 (D 0,1,1) (S -1,114,118) (S -1,118,114) (S -1,112,107) (S -1,110,111) (S -1,111,110) (D 0,1,1)
0 1 6 149 694 5 (D 0,1,1) (S 155,112,110) (S 148,108,109) (S 100,66,67) (D 0,1,1)
0 1 7 148 614 15 (D 0,1,1) (S 127,86,85) (S 125,85,84) (S 123,84,82) (S 120,80,82) (S 118,79,80) (S 116,78,79) (S 114,77,78) (S 83,46,77) (S 76,43,46) (S 68,37,43) (S 82,46,43) (S 63,34,45) (S 80,45,34) (D 0,1,1)
0 1 8 140 701 4 (D 0,1,1) (S -1,109,108) (S -1,62,66) (D 0,1,1)
0 1 9 147 517 8 (D 0,1,1) (S -1,124,126) (S -1,126,124) (S -1,126,130) (S -1,130,130) (S -1,130,126) (S -1,133,133) (D 0,1,1)
0 1 10 144 648 12 (D 0,1,1) (S -1,82,80) (S -1,80,79) (S -1,79,78) (S -1,78,77) (S -1,77,46) (S -1,43,37) (S -1,36,37) (S -1,36,38) (S -1,38,39) (S -1,39,38) (D 0,1,1)
0 1 11 133 747 8 (D 0,1,1) (S -1,83,83) (S -1,43,44) (S -1,44,43) (S -1,47,47) (S -1,62,63) (S -1,63,62) (D 0,1,1)
0 1 12 150 1034 8 (D 0,1,1) (S -1,129,129) (S -1,135,135) (S -1,66,62) (S -1,62,62) (S -1,98,97) (S -1,97,98) (D 0,1,1)
0 1 13 148 660 10 (D 0,1,1) (S 101,67,66) (S 12,67,67) (S 102,67,68) (S 104,68,67) (S 107,71,69) (S 109,72,71) (S 110,72,73) (S 78,44,45) (D 0,1,1)
0 1 14 148 845 9 (D 0,1,1) (S 112,73,72) (S 79,44,73) (S 81,45,44) (S 64,34,139) (S 62,33,139) (S 172,139,33) (S 55,28,29) (D 0,1,1)
0 1 15 148 740 15 (D 0,1,1) (S 95,63,64) (S 96,64,63) (S 97,64,65) (S 98,65,64) (S 89,55,56) (S 87,54,55) (S 88,55,54) (S 90,55,140) (S 86,49,140) (S 84,48,49) (S 9,48,48) (S 85,49,48) (S 91,56,55) (D 0,1,1)
0 1 16 150 925 14 (D 0,1,1) (S -1,95,95) (S -1,95,96) (S -1,96,95) (S -1,96,97) (S -1,97,96) (S -1,140,55) (S -1,140,49) (S -1,60,60) (S -1,71,72) (S -1,69,67) (S -1,67,69) (S -1,69,71) (D 0,1,1)
0 1 17 148 792 6 (D 0,1,1) (S 111,73,44) (S 173,139,34) (S 7,33,33) (S 38,11,33) (D 0,1,1)
0 1 18 150 1193 9 (D 0,1,1) (S 13,75,75) (S 69,38,36) (S 72,39,40) (S 73,40,39) (S 61,33,11) (S 40,12,13) (S 53,27,28) (D 0,1,1)
0 1 19 150 942 8 (D 0,1,1) (S 33,8,11) (S 30,6,8) (S 28,5,6) (S 1,5,5) (S 29,6,5) (S 31,8,6) (D 0,1,1)
0 1 20 144 994 7 (D 0,1,1) (S -1,11,8) (S -1,8,9) (S -1,9,9) (S -1,9,8) (S -1,13,12) (D 0,1,1)
0 1 21 149 951 10 (D 0,1,1) (S 36,11,12) (S 39,12,11) (S 37,11,27) (S 50,25,27) (S 48,24,25) (S 49,25,24) (S 56,28,30) (S 58,30,28) (D 0,1,1)
0 1 22 145 1084 9 (D 0,1,1) (S 51,27,11) (S 52,27,25) (S 45,20,24) (S 44,20,22) (S 46,22,20) (S 42,13,14) (S 57,29,28) (D 0,1,1)
0 1 23 148 1077 8 (D 0,1,1) (S -1,28,28) (S -1,30,30) (S -1,30,32) (S -1,32,30) (S -1,24,20) (S -1,28,27) (D 0,1,1)
0 1 24 140 1399 7 (D 0,1,1) (S -1,14,13) (S -1,21,21) (S -1,7,7) (S -1,37,36) (S -1,92,92) (D 0,1,1)
