387
7
24752945
24752229
0 1 1 35 44 6 (D 0,1,1) (S -1,1,4) (S -1,4,2) (S -1,2,3) (S -1,3,6) (D 0,1,1)
0 1 2 40 50 7 (D 0,1,1) (S 8,1,7) (S 10,6,7) (S 13,1,6) (S 12,1,5) (S 3,5,5) (D 0,1,1)
0 1 3 29 46 6 (D 0,1,1) (S -1,4,4) (S -1,5,7) (S -1,7,10) (S -1,7,7) (D 0,1,1)
0 1 4 41 78 6 (D 0,1,1) (S -1,2,2) (S -1,2,8) (S -1,6,9) (S -1,9,10) (D 0,1,1)
0 1 5 39 72 6 (D 0,1,1) (S -1,8,8) (S -1,8,10) (S -1,7,8) (S -1,3,8) (D 0,1,1)
0 1 6 29 40 5 (D 0,1,1) (S -1,4,5) (S -1,5,6) (S -1,3,7) (D 0,1,1)
0 1 7 32 57 4 (D 0,1,1) (S -1,9,9) (S -1,3,1) (D 0,1,1)
