18328
27
1299684584
1299683873
0 1 1 127 254 7 (D 0,1,1) (S -1,1,2) (S -1,2,3) (S -1,2,4) (S -1,4,5) (S -1,5,6) (D 0,1,1)
0 1 2 130 418 6 (D 0,1,1) (S 35,4,69) (S 112,58,69) (S 113,59,69) (S 94,44,45) (D 0,1,1)
0 1 3 119 379 7 (D 0,1,1) (S -1,5,7) (S -1,7,8) (S -1,8,8) (S -1,8,9) (S -1,9,9) (D 0,1,1)
0 1 4 129 439 5 (D 0,1,1) (S 23,59,59) (S 44,11,59) (S 41,10,11) (D 0,1,1)
0 1 5 129 568 9 (D 0,1,1) (S 96,44,59) (S 13,44,44) (S 95,44,46) (S 15,46,46) (S 97,45,46) (S 99,47,48) (S 62,21,51) (D 0,1,1)
0 1 6 130 520 6 (D 0,1,1) (S 110,58,59) (S 109,57,58) (S 22,57,57) (S 90,42,43) (D 0,1,1)
0 1 7 130 571 9 (D 0,1,1) (S 40,9,10) (S 42,11,12) (S 3,12,12) (S 45,12,16) (S 48,13,16) (S 47,13,14) (S 50,14,15) (D 0,1,1)
0 1 8 125 562 6 (D 0,1,1) (S -1,58,60) (S -1,60,61) (S -1,60,62) (S -1,62,63) (D 0,1,1)
0 1 9 127 535 5 (D 0,1,1) (S 93,43,44) (S 12,43,43) (S 92,42,57) (D 0,1,1)
0 1 10 130 575 8 (D 0,1,1) (S -1,45,45) (S -1,46,47) (S -1,47,49) (S -1,49,50) (S -1,19,50) (S -1,50,52) (D 0,1,1)
0 1 11 129 535 4 (D 0,1,1) (S 43,11,48) (S 16,48,48) (D 0,1,1)
0 1 12 127 609 7 (D 0,1,1) (S 116,60,67) (S 26,67,67) (S 108,56,67) (S 91,42,56) (S 88,40,41) (D 0,1,1)
0 1 13 129 883 8 (D 0,1,1) (S 24,62,62) (S 118,62,66) (S 122,66,68) (S 120,63,64) (S 107,55,56) (S 83,35,39) (D 0,1,1)
0 1 14 130 748 7 (D 0,1,1) (S 119,62,67) (S 21,56,56) (S 89,41,42) (S 11,41,41) (S 85,37,38) (D 0,1,1)
0 1 15 128 667 12 (D 0,1,1) (S 102,49,51) (S 18,51,51) (S 104,51,53) (S 19,53,53) (S 69,24,53) (S 7,24,24) (S 63,22,24) (S 6,22,22) (S 106,52,54) (S 60,20,76) (D 0,1,1)
0 1 16 120 630 6 (D 0,1,1) (S -1,50,50) (S -1,54,54) (S -1,19,21) (S -1,52,53) (D 0,1,1)
0 1 17 127 634 7 (D 0,1,1) (S -1,76,76) (S -1,76,77) (S -1,77,77) (S -1,15,77) (S -1,12,76) (D 0,1,1)
0 1 18 130 658 9 (D 0,1,1) (S 61,21,22) (S 64,22,75) (S 67,23,75) (S 65,23,26) (S 70,25,26) (S 68,24,25) (S 72,25,75) (D 0,1,1)
0 1 19 126 661 6 (D 0,1,1) (S 55,18,20) (S 52,15,18) (S 51,15,17) (S 4,13,13) (D 0,1,1)
0 1 20 129 996 8 (D 0,1,1) (S -1,19,20) (S -1,18,19) (S -1,16,16) (S -1,72,73) (S -1,71,73) (S -1,71,72) (D 0,1,1)
0 1 21 127 934 6 (D 0,1,1) (S 121,63,65) (S 25,65,65) (S 27,68,68) (S 84,35,41) (D 0,1,1)
0 1 22 129 824 5 (D 0,1,1) (S -1,18,72) (S -1,73,74) (S -1,13,77) (D 0,1,1)
0 1 23 124 834 6 (D 0,1,1) (S 10,40,40) (S 86,37,39) (S 82,33,37) (S 76,30,31) (D 0,1,1)
0 1 24 127 906 8 (D 0,1,1) (S 71,25,29) (S 75,28,29) (S 8,28,28) (S 74,26,28) (S 73,26,27) (S 78,32,33) (D 0,1,1)
0 1 25 129 820 4 (D 0,1,1) (S 80,32,35) (S 79,32,34) (D 0,1,1)
0 1 26 130 846 6 (D 0,1,1) (S -1,23,31) (S -1,31,32) (S -1,33,36) (S -1,39,40) (D 0,1,1)
0 1 27 127 1322 5 (D 0,1,1) (S 123,70,71) (S 28,70,70) (S 9,34,34) (D 0,1,1)
