341
7
12498705
12497808
0 1 1 39 51 6 (D 0,1,1) (S -1,1,7) (S -1,7,7) (S -1,5,7) (S -1,2,5) (D 0,1,1)
0 1 2 41 71 7 (D 0,1,1) (S -1,1,8) (S -1,7,8) (S -1,6,7) (S -1,6,6) (S -1,8,9) (D 0,1,1)
0 1 3 40 44 6 (D 0,1,1) (S 14,2,1) (S 1,2,2) (S 15,2,3) (S 2,3,3) (D 0,1,1)
0 1 4 29 48 5 (D 0,1,1) (S -1,3,7) (S -1,7,9) (S -1,9,9) (D 0,1,1)
0 1 5 39 26 5 (D 0,1,1) (S 20,4,1) (S 3,4,4) (S 21,4,5) (D 0,1,1)
0 1 6 41 77 6 (D 0,1,1) (S -1,5,5) (S -1,5,6) (S -1,3,6) (S -1,8,10) (D 0,1,1)
0 1 7 16 24 3 (D 0,1,1) (S -1,3,1) (D 0,1,1)
