500
10
64748931
64747905
0 1 1 24 47 8 (D 0,1,1) (S -1,1,15) (S -1,15,15) (S -1,13,15) (S -1,12,13) (S -1,2,1) (S -1,1,24) (D 0,1,1)
0 1 2 27 56 9 (D 0,1,1) (S 24,1,17) (S 42,15,20) (S 20,20,21) (S 11,21,21) (S 41,14,21) (S 38,13,14) (S 8,16,16) (D 0,1,1)
0 1 3 24 53 6 (D 0,1,1) (S -1,19,19) (S -1,2,12) (S -1,14,14) (S -1,14,20) (D 0,1,1)
0 1 4 27 52 6 (D 0,1,1) (S 22,24,27) (S 15,27,27) (S 14,26,26) (S 43,21,23) (D 0,1,1)
0 1 5 25 45 6 (D 0,1,1) (S -1,3,3) (S -1,3,4) (S -1,4,4) (S -1,4,10) (D 0,1,1)
0 1 6 26 46 6 (D 0,1,1) (S 30,3,8) (S 5,8,8) (S 34,6,8) (S 17,6,9) (D 0,1,1)
0 1 7 26 41 6 (D 0,1,1) (S 12,23,23) (S 45,22,23) (S 46,22,25) (S 19,18,25) (D 0,1,1)
0 1 8 21 49 6 (D 0,1,1) (S -1,6,10) (S -1,10,11) (S -1,7,7) (S -1,6,7) (D 0,1,1)
0 1 9 25 53 7 (D 0,1,1) (S -1,14,18) (S -1,18,18) (S -1,21,25) (S -1,25,25) (S -1,23,26) (D 0,1,1)
0 1 10 24 58 6 (D 0,1,1) (S -1,4,5) (S -1,5,5) (S -1,5,9) (S -1,3,6) (D 0,1,1)
