13661
18
1107042465
1107040990
0 1 1 149 276 8 (D 0,1,1) (S 41,1,116) (S 112,116,117) (S 42,2,117) (S 113,117,119) (S 35,118,118) (S 111,114,118) (D 0,1,1)
0 1 2 149 349 9 (D 0,1,1) (S 34,114,114) (S 110,113,114) (S 33,113,113) (S 109,112,113) (S 105,107,112) (S 102,106,107) (S 101,105,106) (D 0,1,1)
0 1 3 149 450 6 (D 0,1,1) (S 108,110,112) (S 104,107,110) (S 103,107,108) (S 106,108,109) (D 0,1,1)
0 1 4 148 614 10 (D 0,1,1) (S 107,110,111) (S 100,104,105) (S 99,102,104) (S 32,103,103) (S 30,88,88) (S 31,92,92) (S 28,82,82) (S 91,80,82) (D 0,1,1)
0 1 5 150 627 13 (D 0,1,1) (S 95,86,87) (S 94,85,86) (S 93,84,85) (S 29,84,84) (S 92,82,84) (S 27,80,80) (S 90,79,80) (S 89,78,79) (S 88,77,78) (S 69,43,46) (S 61,34,45) (D 0,1,1)
0 1 6 131 545 7 (D 0,1,1) (S -1,124,124) (S -1,124,126) (S -1,126,130) (S -1,134,134) (S -1,125,125) (D 0,1,1)
0 1 7 147 687 12 (D 0,1,1) (S 79,62,66) (S 22,62,62) (S 78,62,63) (S 80,63,64) (S 23,64,64) (S 81,64,65) (S 76,55,56) (S 75,54,55) (S 77,55,140) (S 84,67,69) (D 0,1,1)
0 1 8 148 716 10 (D 0,1,1) (S 82,66,67) (S 83,67,68) (S 85,69,71) (S 86,71,72) (S 87,72,73) (S 71,44,73) (S 68,43,44) (S 66,38,39) (D 0,1,1)
0 1 9 102 570 6 (D 0,1,1) (S -1,78,78) (S -1,76,76) (S -1,46,46) (S -1,46,77) (D 0,1,1)
0 1 10 141 944 7 (D 0,1,1) (S -1,135,135) (S -1,42,42) (S -1,37,37) (S -1,38,38) (S -1,37,43) (D 0,1,1)
0 1 11 145 785 7 (D 0,1,1) (S -1,70,70) (S -1,44,45) (S -1,34,139) (S -1,139,139) (S -1,33,139) (D 0,1,1)
0 1 12 150 890 8 (D 0,1,1) (S 96,95,96) (S 97,96,97) (S 20,54,54) (S 74,49,140) (S 19,49,49) (S 21,61,61) (D 0,1,1)
0 1 13 144 723 7 (D 0,1,1) (S -1,36,36) (S -1,36,38) (S -1,39,40) (S -1,36,37) (S -1,43,43) (D 0,1,1)
0 1 14 148 985 6 (D 0,1,1) (S 18,48,48) (S 46,8,11) (S 44,6,8) (S 2,6,6) (D 0,1,1)
0 1 15 146 1203 10 (D 0,1,1) (S -1,11,12) (S -1,13,13) (S -1,13,14) (S -1,16,16) (S -1,15,15) (S -1,10,10) (S -1,48,49) (S -1,97,98) (D 0,1,1)
0 1 16 146 949 7 (D 0,1,1) (S 48,11,27) (S 55,25,27) (S 9,25,25) (S 54,24,25) (S 53,20,24) (D 0,1,1)
0 1 17 147 1111 8 (D 0,1,1) (S -1,29,29) (S -1,30,30) (S -1,30,32) (S -1,20,20) (S -1,20,22) (S -1,12,13) (D 0,1,1)
0 1 18 143 1237 10 (D 0,1,1) (S -1,8,9) (S -1,5,6) (S -1,5,5) (S -1,11,33) (S -1,11,11) (S -1,28,30) (S -1,27,28) (S -1,28,29) (D 0,1,1)
