517
10
39463080
39462325
0 1 1 27 43 7 (D 0,1,1) (S 16,1,19) (S 17,1,27) (S 37,24,27) (S 13,24,24) (S 34,21,23) (D 0,1,1)
0 1 2 27 57 7 (D 0,1,1) (S 21,1,17) (S 30,16,17) (S 28,14,16) (S 8,14,14) (S 14,25,25) (D 0,1,1)
0 1 3 26 53 7 (D 0,1,1) (S -1,2,1) (S -1,2,2) (S -1,12,13) (S -1,13,13) (S -1,14,20) (D 0,1,1)
0 1 4 23 43 4 (D 0,1,1) (S -1,3,3) (S -1,3,8) (D 0,1,1)
0 1 5 26 53 5 (D 0,1,1) (S 9,15,15) (S 32,20,21) (S 20,21,25) (D 0,1,1)
0 1 6 27 54 6 (D 0,1,1) (S -1,26,26) (S -1,23,23) (S -1,22,23) (S -1,22,22) (D 0,1,1)
0 1 7 27 55 6 (D 0,1,1) (S -1,6,6) (S -1,6,10) (S -1,10,11) (S -1,6,7) (D 0,1,1)
0 1 8 20 45 6 (D 0,1,1) (S -1,18,18) (S -1,18,21) (S -1,21,22) (S -1,23,26) (D 0,1,1)
0 1 9 24 64 6 (D 0,1,1) (S -1,5,5) (S -1,7,7) (S -1,8,9) (S -1,5,9) (D 0,1,1)
0 1 10 22 50 3 (D 0,1,1) (S 3,4,4) (D 0,1,1)
