286
10
57749855
57748208
0 1 1 27 33 9 (D 0,1,1) (S -1,1,3) (S -1,3,3) (S -1,3,4) (S -1,1,4) (S -1,2,6) (S -1,4,9) (S -1,7,10) (D 0,1,1)
0 1 2 27 21 7 (D 0,1,1) (S 19,1,5) (S 4,5,5) (S 14,5,8) (S 25,3,8) (S 24,3,7) (D 0,1,1)
0 1 3 27 29 4 (D 0,1,1) (S 1,2,2) (S 23,2,7) (D 0,1,1)
0 1 4 26 31 5 (D 0,1,1) (S -1,4,4) (S -1,6,10) (S -1,3,11) (D 0,1,1)
0 1 5 27 23 5 (D 0,1,1) (S 7,8,8) (S 34,6,8) (S 33,6,7) (D 0,1,1)
0 1 6 26 31 6 (D 0,1,1) (S -1,11,11) (S -1,10,11) (S -1,10,10) (S -1,4,6) (D 0,1,1)
0 1 7 26 29 6 (D 0,1,1) (S -1,2,3) (S -1,3,9) (S -1,9,9) (S -1,7,8) (D 0,1,1)
0 1 8 27 26 7 (D 0,1,1) (S 21,2,4) (S 29,4,7) (S 6,7,7) (S 39,7,11) (S 41,8,11) (D 0,1,1)
0 1 9 27 32 7 (D 0,1,1) (S 22,2,5) (S 31,5,9) (S 16,9,10) (S 32,5,10) (S 38,7,9) (D 0,1,1)
0 1 10 26 31 6 (D 0,1,1) (S -1,8,9) (S -1,9,11) (S -1,6,6) (S -1,6,11) (D 0,1,1)
