635
7
10981346
10980025
0 1 1 35 146 7 (D 0,1,1) (S -1,5,10) (S -1,10,10) (S -1,4,10) (S -1,11,13) (S -1,8,9) (D 0,1,1)
0 1 2 34 63 5 (D 0,1,1) (S -1,2,2) (S -1,2,6) (S -1,3,6) (D 0,1,1)
0 1 3 35 110 7 (D 0,1,1) (S -1,2,3) (S -1,3,3) (S -1,6,12) (S -1,8,8) (S -1,1,5) (D 0,1,1)
0 1 4 19 86 5 (D 0,1,1) (S -1,2,8) (S -1,9,9) (S -1,7,7) (D 0,1,1)
0 1 5 31 51 3 (D 0,1,1) (S -1,4,4) (D 0,1,1)
0 1 6 29 64 4 (D 0,1,1) (S 17,4,5) (S 4,6,6) (D 0,1,1)
0 1 7 29 115 4 (D 0,1,1) (S -1,12,12) (S -1,11,11) (D 0,1,1)
