758
8
28118569
28117831
0 1 1 38 54 8 (D 0,1,1) (S -1,1,2) (S -1,2,2) (S -1,3,4) (S -1,3,3) (S -1,1,3) (S -1,9,3) (D 0,1,1)
0 1 2 40 68 6 (D 0,1,1) (S 19,4,5) (S 20,5,10) (S 5,10,10) (S 36,20,23) (D 0,1,1)
0 1 3 40 86 9 (D 0,1,1) (S 21,9,10) (S 30,11,10) (S 22,11,15) (S 8,15,15) (S 34,16,15) (S 32,13,17) (S 33,14,18) (D 0,1,1)
0 1 4 37 69 5 (D 0,1,1) (S -1,9,19) (S -1,19,19) (S -1,19,22) (D 0,1,1)
0 1 5 40 130 8 (D 0,1,1) (S 25,5,11) (S 29,11,5) (S 31,12,11) (S 6,12,12) (S 38,21,24) (S 11,18,18) (D 0,1,1)
0 1 6 39 98 7 (D 0,1,1) (S -1,20,20) (S -1,23,20) (S -1,23,23) (S -1,23,24) (S -1,21,15) (D 0,1,1)
0 1 7 38 127 5 (D 0,1,1) (S -1,22,22) (S -1,24,24) (S -1,16,16) (D 0,1,1)
0 1 8 38 126 8 (D 0,1,1) (S -1,17,17) (S -1,14,14) (S -1,8,8) (S -1,6,6) (S -1,7,8) (S -1,17,13) (D 0,1,1)
