360
7
9102525
9101855
0 1 1 39 63 7 (D 0,1,1) (S -1,1,5) (S -1,5,5) (S -1,5,7) (S -1,9,10) (S -1,7,7) (D 0,1,1)
0 1 2 39 42 6 (D 0,1,1) (S 13,1,7) (S 11,7,8) (S 8,2,8) (S 18,4,2) (D 0,1,1)
0 1 3 38 47 6 (D 0,1,1) (S -1,1,8) (S -1,8,9) (S -1,9,9) (S -1,6,9) (D 0,1,1)
0 1 4 38 62 6 (D 0,1,1) (S 15,3,1) (S 2,3,3) (S 9,4,3) (S 16,3,6) (D 0,1,1)
0 1 5 38 49 5 (D 0,1,1) (S 17,4,1) (S 3,4,4) (S 5,6,6) (D 0,1,1)
0 1 6 14 27 3 (D 0,1,1) (S -1,7,10) (D 0,1,1)
0 1 7 39 70 4 (D 0,1,1) (S -1,2,2) (S -1,8,10) (D 0,1,1)
