259
6
22664653
22664046
0 1 1 5 26 6 (D 0,1,1) (S -1,1,2) (S -1,2,2) (S -1,2,4) (S -1,1,12) (D 0,1,1)
0 1 2 5 81 7 (D 0,1,1) (S -1,1,10) (S -1,9,9) (S -1,3,4) (S -1,4,13) (S -1,1,4) (D 0,1,1)
0 1 3 5 31 7 (D 0,1,1) (S -1,5,12) (S -1,3,5) (S -1,3,3) (S -1,5,6) (S -1,6,6) (D 0,1,1)
0 1 4 4 24 6 (D 0,1,1) (S -1,7,12) (S -1,7,7) (S -1,7,8) (S -1,6,12) (D 0,1,1)
0 1 5 4 54 6 (D 0,1,1) (S -1,5,13) (S -1,5,11) (S -1,8,11) (S -1,8,8) (D 0,1,1)
0 1 6 3 43 5 (D 0,1,1) (S -1,12,13) (S -1,9,10) (S -1,10,10) (D 0,1,1)
