192
7
16325763
16325190
0 1 1 26 35 8 (D 0,1,1) (S -1,1,3) (S -1,3,5) (S -1,5,7) (S -1,1,7) (S -1,1,2) (S -1,3,10) (D 0,1,1)
0 1 2 26 31 8 (D 0,1,1) (S 13,1,5) (S 16,2,5) (S 5,8,8) (S 24,8,10) (S 15,1,10) (S 7,11,11) (D 0,1,1)
0 1 3 27 33 4 (D 0,1,1) (S -1,2,2) (S -1,3,6) (D 0,1,1)
0 1 4 27 32 6 (D 0,1,1) (S -1,4,4) (S -1,4,9) (S -1,6,9) (S -1,6,10) (D 0,1,1)
0 1 5 25 32 5 (D 0,1,1) (S -1,6,6) (S -1,6,7) (S -1,7,7) (D 0,1,1)
0 1 6 0 0 2 (D 0,1,1) (D 0,1,1)
0 1 7 23 29 5 (D 0,1,1) (S -1,9,9) (S -1,2,9) (S -1,3,11) (D 0,1,1)
