184
7
33525714
33524632
0 1 1 27 18 6 (D 0,1,1) (S 10,1,2) (S 1,2,2) (S 11,2,3) (S 2,3,3) (D 0,1,1)
0 1 2 27 26 8 (D 0,1,1) (S 14,1,3) (S 20,3,5) (S 4,5,5) (S 18,2,5) (S 19,2,8) (S 21,3,10) (D 0,1,1)
0 1 3 27 33 11 (D 0,1,1) (S 15,1,7) (S 6,7,7) (S 13,7,11) (S 17,1,11) (S 16,1,8) (S 7,8,8) (S 27,7,8) (S 23,4,7) (S 26,6,11) (D 0,1,1)
0 1 4 13 22 4 (D 0,1,1) (S -1,4,4) (S -1,10,10) (D 0,1,1)
0 1 5 17 25 5 (D 0,1,1) (S 28,7,10) (S 24,5,7) (S 25,6,7) (D 0,1,1)
0 1 6 22 32 4 (D 0,1,1) (S -1,6,6) (S -1,3,11) (D 0,1,1)
0 1 7 21 28 4 (D 0,1,1) (S -1,9,9) (S -1,4,9) (D 0,1,1)
