380
8
26755715
26754478
0 1 1 30 36 6 (D 0,1,1) (S -1,1,6) (S -1,3,6) (S -1,3,3) (S -1,3,7) (D 0,1,1)
0 1 2 38 60 6 (D 0,1,1) (S -1,1,8) (S -1,2,5) (S -1,5,7) (S -1,7,10) (D 0,1,1)
0 1 3 35 76 5 (D 0,1,1) (S -1,1,9) (S -1,6,6) (S -1,8,10) (D 0,1,1)
0 1 4 34 47 6 (D 0,1,1) (S -1,7,7) (S -1,7,8) (S -1,8,9) (S -1,9,10) (D 0,1,1)
0 1 5 0 0 2 (D 0,1,1) (D 0,1,1)
0 1 6 40 66 6 (D 0,1,1) (S -1,4,4) (S -1,4,2) (S -1,2,3) (S -1,3,8) (D 0,1,1)
0 1 7 34 43 4 (D 0,1,1) (S -1,5,5) (S -1,4,1) (D 0,1,1)
0 1 8 34 52 5 (D 0,1,1) (S -1,2,2) (S -1,5,9) (S -1,7,9) (D 0,1,1)
