243
6
23165465
23164840
0 1 1 5 68 7 (D 0,1,1) (S -1,1,4) (S -1,4,13) (S -1,2,3) (S -1,7,8) (S -1,10,11) (D 0,1,1)
0 1 2 5 19 7 (D 0,1,1) (S -1,1,7) (S -1,6,7) (S -1,5,5) (S -1,5,6) (S -1,6,6) (D 0,1,1)
0 1 3 4 20 6 (D 0,1,1) (S -1,1,10) (S -1,8,10) (S -1,7,12) (S -1,1,12) (D 0,1,1)
0 1 4 3 50 5 (D 0,1,1) (S -1,3,5) (S -1,3,3) (S -1,3,13) (D 0,1,1)
0 1 5 4 34 4 (D 0,1,1) (S -1,2,2) (S -1,9,9) (D 0,1,1)
0 1 6 5 52 7 (D 0,1,1) (S -1,12,13) (S -1,9,10) (S -1,8,11) (S -1,5,11) (S -1,5,13) (D 0,1,1)
