37163
17
1083515009
1083514131
0 1 1 814 886 4 (D 0,1,1) (S -1,1,1) (S -1,2,2) (D 0,1,1)
0 1 2 1601 2054 9 (D 0,1,1) (S 10,10,10) (S 20,21,21) (S 21,22,22) (S 32,33,33) (S 31,32,32) (S 51,52,52) (S 52,53,53) (D 0,1,1)
0 1 3 1624 2067 7 (D 0,1,1) (S 11,12,12) (S 22,23,23) (S 23,24,24) (S 24,25,25) (S 25,26,26) (D 0,1,1)
0 1 4 1467 1985 7 (D 0,1,1) (S -1,5,5) (S -1,16,16) (S -1,6,6) (S -1,7,7) (S -1,4,4) (D 0,1,1)
0 1 5 1576 2207 9 (D 0,1,1) (S -1,34,34) (S -1,35,35) (S -1,44,44) (S -1,47,47) (S -1,27,27) (S -1,15,15) (S -1,13,13) (D 0,1,1)
0 1 6 1510 2107 7 (D 0,1,1) (S -1,72,72) (S -1,85,85) (S -1,86,86) (S -1,73,73) (S -1,3,3) (D 0,1,1)
0 1 7 1561 2195 6 (D 0,1,1) (S -1,54,54) (S -1,65,65) (S -1,76,76) (S -1,66,66) (D 0,1,1)
0 1 8 1508 2140 7 (D 0,1,1) (S -1,36,36) (S -1,37,37) (S -1,38,38) (S -1,39,39) (S -1,40,40) (D 0,1,1)
0 1 9 1619 2274 8 (D 0,1,1) (S -1,45,45) (S -1,46,46) (S -1,57,57) (S -1,58,58) (S -1,68,68) (S -1,56,56) (D 0,1,1)
0 1 10 1569 2350 9 (D 0,1,1) (S -1,8,8) (S -1,9,9) (S -1,20,20) (S -1,19,19) (S -1,30,30) (S -1,31,31) (S -1,17,17) (D 0,1,1)
0 1 11 1589 2256 6 (D 0,1,1) (S -1,28,28) (S -1,29,29) (S -1,18,18) (S -1,14,14) (D 0,1,1)
0 1 12 1526 2352 8 (D 0,1,1) (S -1,48,48) (S -1,49,49) (S -1,50,50) (S -1,71,71) (S -1,61,61) (S -1,42,42) (D 0,1,1)
0 1 13 1616 2373 8 (D 0,1,1) (S -1,77,77) (S -1,78,78) (S -1,79,79) (S -1,69,69) (S -1,70,70) (S -1,60,60) (D 0,1,1)
0 1 14 1531 2430 8 (D 0,1,1) (S -1,59,59) (S -1,62,62) (S -1,51,51) (S -1,82,82) (S -1,81,81) (S -1,41,41) (D 0,1,1)
0 1 15 1461 2351 8 (D 0,1,1) (S -1,88,88) (S -1,89,89) (S -1,90,90) (S -1,75,75) (S -1,74,74) (S -1,87,87) (D 0,1,1)
0 1 16 1589 2595 8 (D 0,1,1) (S -1,43,43) (S -1,64,64) (S -1,84,84) (S -1,94,94) (S -1,83,83) (S -1,63,63) (D 0,1,1)
0 1 17 1604 2541 8 (D 0,1,1) (S -1,93,93) (S -1,92,92) (S -1,91,91) (S -1,80,80) (S -1,67,67) (S -1,55,55) (D 0,1,1)
