258
7
20425544
20424791
0 1 1 20 31 9 (D 0,1,1) (S 14,1,2) (S 24,2,4) (S 2,4,4) (S 15,3,4) (S 1,3,3) (S 28,9,3) (S 27,6,12) (D 0,1,1)
0 1 2 19 27 8 (D 0,1,1) (S -1,4,2) (S -1,5,5) (S -1,5,10) (S -1,10,10) (S -1,9,10) (S -1,9,9) (D 0,1,1)
0 1 3 20 46 9 (D 0,1,1) (S -1,5,6) (S -1,6,7) (S -1,7,7) (S -1,12,6) (S -1,12,12) (S -1,17,18) (S -1,13,12) (D 0,1,1)
0 1 4 20 33 7 (D 0,1,1) (S 19,10,11) (S 8,11,11) (S 10,15,15) (S 11,16,16) (S 33,19,20) (D 0,1,1)
0 1 5 20 28 8 (D 0,1,1) (S 34,20,23) (S 37,23,20) (S 35,21,20) (S 23,21,24) (S 38,23,24) (S 13,22,22) (D 0,1,1)
0 1 6 19 37 6 (D 0,1,1) (S 20,13,17) (S 22,16,17) (S 31,13,14) (S 21,14,18) (D 0,1,1)
0 1 7 19 56 5 (D 0,1,1) (S 36,22,19) (S 12,18,18) (S 5,8,8) (D 0,1,1)
