35682
9
31015357074
31015355870
0 1 1 2000 1786 48 (D 0,1,1) (S 1,1,1) (S 362,306,307) (S 10,10,10) (S 65,65,65) (S 235,235,235) (S 376,338,339) (S 33,33,33) (S 313,33,233) (S 233,233,233) (S 93,93,93) (S 5,5,5) (S 204,204,204) (S 351,204,303) (S 352,320,204) (S 370,320,321) (S 231,231,231) (S 354,304,231) (S 355,231,361) (S 43,43,43) (S 316,55,43) (S 55,55,55) (S 390,372,373) (S 96,96,96) (S 66,66,66) (S 80,80,80) (S 389,370,371) (S 71,71,71) (S 60,60,60) (S 44,44,44) (S 321,58,314) (S 58,58,58) (S 57,57,57) (S 54,54,54) (S 329,327,97) (S 97,97,97) (S 328,97,234) (S 234,234,234) (S 325,75,234) (S 82,82,82) (S 13,13,13) (S 86,86,86) (S 88,88,88) (S 307,11,305) (S 85,85,85) (S 51,51,51) (S 98,98,98) (D 0,1,1)
0 1 2 2000 2293 35 (D 0,1,1) (S 208,208,208) (S 91,91,91) (S 386,362,363) (S 353,337,229) (S 229,229,229) (S 11,11,11) (S 12,12,12) (S 69,69,69) (S 35,35,35) (S 215,215,215) (S 214,214,214) (S 32,32,32) (S 374,332,333) (S 38,38,38) (S 15,15,15) (S 207,207,207) (S 52,52,52) (S 225,225,225) (S 226,226,226) (S 78,78,78) (S 63,63,63) (S 323,369,63) (S 221,221,221) (S 230,230,230) (S 378,342,343) (S 236,236,236) (S 75,75,75) (S 77,77,77) (S 34,34,34) (S 368,318,319) (S 76,76,76) (S 327,355,76) (S 50,50,50) (D 0,1,1)
0 1 3 2000 1406 33 (D 0,1,1) (S 326,346,75) (S 379,356,346) (S 369,319,360) (S 73,73,73) (S 56,56,56) (S 320,334,56) (S 324,345,74) (S 74,74,74) (S 381,349,350) (S 366,315,314) (S 89,89,89) (S 365,312,313) (S 90,90,90) (S 27,27,27) (S 61,61,61) (S 322,61,340) (S 319,50,340) (S 62,62,62) (S 377,340,341) (S 53,53,53) (S 223,223,223) (S 388,366,367) (S 306,9,323) (S 9,9,9) (S 305,9,317) (S 8,8,8) (S 7,7,7) (S 303,36,7) (S 36,36,36) (S 79,79,79) (S 92,92,92) (D 0,1,1)
0 1 4 2000 4163 74 (D 0,1,1) (S 70,70,70) (S 99,99,99) (S 100,100,100) (S 94,94,94) (S 87,87,87) (S 373,328,329) (S 364,311,329) (S 311,311,25) (S 25,25,25) (S 304,8,25) (S 385,357,358) (S 64,64,64) (S 102,102,102) (S 6,6,6) (S 380,347,348) (S 26,26,26) (S 314,322,36) (S 371,330,322) (S 227,227,227) (S 228,228,228) (S 318,48,368) (S 48,48,48) (S 16,16,16) (S 383,353,354) (S 219,219,219) (S 384,359,354) (S 209,209,209) (S 212,212,212) (S 17,17,17) (S 224,224,224) (S 218,218,218) (S 42,42,42) (S 238,238,238) (S 47,47,47) (S 95,95,95) (S 382,351,352) (S 46,46,46) (S 67,67,67) (S 222,222,222) (S 31,31,31) (S 72,72,72) (S 310,316,22) (S 22,22,22) (S 203,203,203) (S 19,19,19) (S 49,49,49) (S 59,59,59) (S 84,84,84) (S 83,83,83) (S 372,324,325) (S 30,30,30) (S 367,317,331) (S 312,317,28) (S 28,28,28) (S 21,21,21) (S 309,21,41) (S 41,41,41) (S 315,41,326) (S 39,39,39) (S 232,232,232) (S 20,20,20) (S 2,2,2) (S 3,3,3) (S 81,81,81) (S 18,18,18) (S 308,308,18) (S 205,205,205) (S 217,217,217) (S 24,24,24) (S 237,237,237) (S 14,14,14) (S 68,68,68) (D 0,1,1)
0 1 5 2000 4521 53 (D 0,1,1) (S 29,29,29) (S 40,40,40) (S 363,309,310) (S 45,45,45) (S 317,45,344) (S 375,335,336) (S 387,364,365) (S 206,206,206) (S 216,216,216) (S 213,213,213) (S 211,211,211) (S 37,37,37) (S 23,23,23) (S 210,210,210) (S 220,220,220) (S 101,101,101) (S 4,4,4) (S 103,103,103) (S 196,196,196) (S 284,284,284) (S 408,405,409) (S 407,404,405) (S 156,156,156) (S 194,194,194) (S 195,195,195) (S 293,293,293) (S 189,189,189) (S 348,189,431) (S 285,285,285) (S 168,168,168) (S 187,187,187) (S 148,148,148) (S 146,146,146) (S 339,411,171) (S 171,171,171) (S 185,185,185) (S 200,200,200) (S 349,410,200) (S 178,178,178) (S 344,423,178) (S 193,193,193) (S 172,172,172) (S 410,413,414) (S 184,184,184) (S 149,149,149) (S 337,149,403) (S 192,192,192) (S 179,179,179) (S 170,170,170) (S 186,186,186) (S 162,162,162) (D 0,1,1)
0 1 6 2000 5698 77 (D 0,1,1) (S 144,144,144) (S 181,181,181) (S 295,295,295) (S 188,188,188) (S 341,174,188) (S 174,174,174) (S 340,186,174) (S 335,170,143) (S 143,143,143) (S 336,143,401) (S 359,281,412) (S 281,281,281) (S 201,201,201) (S 350,201,432) (S 418,432,433) (S 422,441,442) (S 283,283,283) (S 191,191,191) (S 197,197,197) (S 166,166,166) (S 177,177,177) (S 167,167,167) (S 294,294,294) (S 412,417,415) (S 411,415,416) (S 416,429,421) (S 415,421,422) (S 153,153,153) (S 290,290,290) (S 155,155,155) (S 157,157,157) (S 289,289,289) (S 118,118,118) (S 261,261,261) (S 119,119,119) (S 150,150,150) (S 141,141,141) (S 142,142,142) (S 292,292,292) (S 120,120,120) (S 262,262,262) (S 260,260,260) (S 122,122,122) (S 263,263,263) (S 251,251,251) (S 249,249,249) (S 252,252,252) (S 240,240,240) (S 243,243,243) (S 115,115,115) (S 247,247,247) (S 106,106,106) (S 104,104,104) (S 253,253,253) (S 246,246,246) (S 239,239,239) (S 248,248,248) (S 259,259,259) (S 357,382,259) (S 121,121,121) (S 395,385,386) (S 180,180,180) (S 346,428,180) (S 406,400,420) (S 333,139,400) (S 139,139,139) (S 417,424,425) (S 361,430,287) (S 360,406,287) (S 183,183,183) (S 165,165,165) (S 158,158,158) (S 190,190,190) (S 176,176,176) (S 343,443,175) (D 0,1,1)
0 1 7 2000 5205 58 (D 0,1,1) (S 147,147,147) (S 282,282,282) (S 291,291,291) (S 280,280,280) (S 152,152,152) (S 297,297,297) (S 163,163,163) (S 173,173,173) (S 332,138,387) (S 138,138,138) (S 145,145,145) (S 126,126,126) (S 123,123,123) (S 125,125,125) (S 258,258,258) (S 124,124,124) (S 302,302,302) (S 396,387,388) (S 397,388,389) (S 301,301,301) (S 137,137,137) (S 164,164,164) (S 160,160,160) (S 159,159,159) (S 286,286,286) (S 279,279,279) (S 151,151,151) (S 169,169,169) (S 182,182,182) (S 338,165,402) (S 404,402,398) (S 402,398,397) (S 401,396,397) (S 161,161,161) (S 409,407,408) (S 287,287,287) (S 347,180,440) (S 421,438,439) (S 278,278,278) (S 298,298,298) (S 413,418,419) (S 154,154,154) (S 345,427,179) (S 202,202,202) (S 419,434,435) (S 300,300,300) (S 414,436,418) (S 420,437,436) (S 299,299,299) (S 199,199,199) (S 198,198,198) (S 140,140,140) (S 334,296,140) (S 296,296,296) (S 358,296,277) (S 175,175,175) (D 0,1,1)
0 1 8 1999 6345 53 (D 0,1,1) (S 342,175,176) (S 277,277,277) (S 403,399,398) (S 405,426,398) (S 394,383,384) (S 264,264,264) (S 250,250,250) (S 133,133,133) (S 136,136,136) (S 130,130,130) (S 273,273,273) (S 132,132,132) (S 331,392,132) (S 274,274,274) (S 127,127,127) (S 267,267,267) (S 268,268,268) (S 128,128,128) (S 271,271,271) (S 270,270,270) (S 134,134,134) (S 269,269,269) (S 266,266,266) (S 275,275,275) (S 131,131,131) (S 272,272,272) (S 265,265,265) (S 135,135,135) (S 107,107,107) (S 108,108,108) (S 391,375,376) (S 116,116,116) (S 392,378,379) (S 256,256,256) (S 257,257,257) (S 117,117,117) (S 254,254,254) (S 330,374,110) (S 110,110,110) (S 393,380,381) (S 241,241,241) (S 109,109,109) (S 242,242,242) (S 255,255,255) (S 112,112,112) (S 398,390,391) (S 399,391,393) (S 129,129,129) (S 276,276,276) (S 356,377,245) (S 114,114,114) (D 0,1,1)
0 1 9 337 4265 9 (D 0,1,1) (S 288,288,288) (S 244,244,244) (S 113,113,113) (S 400,394,395) (S 245,245,245) (S 111,111,111) (S 105,105,105) (D 0,1,1)
